-0.7440465166769253,-2.1439741138977086,-0.24786351694515954,-0.6180036770095785,1.033209654452273,-0.8323170372310273,-1.483494954960209,2.2623096529301128,-2.559574861293769,-0.5598083470557059,-0.43808221260151403,0.20010125010888488
-1.6128395642811386,0.886883661313796,0.510179262235707,0.40845902139079526,1.27332712052427,-0.01170984032834893,0.22945454167614965,0.0792380301329409,-2.3291802388216087,1.4882490370090298,1.9228788832434751,-0.36776090883626655
0.8725885638685958,-1.1857768510651683,-1.5552190637906393,0.1663127585269687,-0.5063077322657914,-0.11276134640292018,1.8831848289324717,-0.7976363082411336,1.4729945780325675,0.13638091735892519,-0.17239595314240558,-1.1766280004571958
0.2271735619467516,1.4964233264729727,-0.4638537414448359,0.47654420005084946,0.22998456492621108,-0.10715226467079247,-0.050168396630110516,0.5661502737209829,-0.008345138583247202,0.900048726348918,1.0742309653124456,-0.4103620955781283
0.502633597800031,0.11390316976136552,1.0452740289420537,-0.5582300336568593,-0.2309799051837642,-1.2686778055426466,-0.2126085708493457,0.448932950577413,-1.0136162495438126,0.22212765391289224,0.47797518559762703,0.3106133404942875
1.434657647629786,-0.615205233029077,0.05840739890860558,0.13693108877841362,0.3016071511010927,-0.620892847755091,0.046374442364041,-0.6412818307771487,-0.6572170226370108,0.3413867144843398,0.38989685766500015,-0.05804639931786563
-0.07505173506461629,0.7801522186416783,-0.01666207877319814,0.2250238642369835,0.9175914299287578,0.015115446650019931,-0.4099495805482962,0.9193679130832056,-0.3303654665273221,-0.32798458517731127,0.32152272560109707,0.3078544783273338
-0.04913310952714234,0.6596379797543929,0.15323790473450383,0.29964958243380346,0.5856376018277676,0.3155933704184419,0.034013142045953536,0.11855374627153087,-0.11333495251314546,0.36075818419974404,0.25003025453673194,-1.0837891383455787
0.28297250291098386,0.2940356719829006,-0.29761379992909304,0.2934944485565941,0.3822234398651111,0.570265972262746,-0.19021505003891961,-0.11745262490113619,-0.5699106751353068,-0.4232737591595286,0.12309453003967961,0.36473588929557477
0.22700668830270515,-0.40511290148287826,-0.28497913858785917,0.5877369491374004,0.36768682124885405,-0.22198375321618574,-0.4780534229362615,0.2904886574043043,0.023313212943436468,0.20734532599967626,0.09328560348441699,-0.30716698799007736
-0.29260830492223433,-0.32982370013406037,-0.9123811233559549,0.6875609582149462,-0.07963800266873315,0.11713444205025655,0.09977157353851716,0.020069749167591824,-0.47539586633421893,-0.14674929787343732,0.37385959875149233,0.4637078819957909
0.8207459400388786,-0.3997939972445112,-0.3232213879008178,0.19673768083498405,0.5129313358223847,0.014388963237383118,0.1467829309088343,-0.2132573390865668,-0.39802916883126016,0.1943736018964854,-0.09469031164567505,-0.24458655552287786
0.7207200725515128,-0.4165747004941087,-0.5322935915698952,0.15148152148410096,0.31285096215811364,-0.5173432219563912,-0.01827887685836982,-0.21578070178216596,-0.10334917625133844,0.3809324755182546,0.15952851581483515,-0.5836365175018841
-0.2210497292061176,-0.6461412310482065,-0.17181468525068327,0.7107779385919075,0.3884357738392199,0.22652815403326454,-0.3863156593319454,-0.021007713712606298,-0.2918846457546762,0.23129097632717277,0.3449238603300419,-0.16563345385766884
0.02844676573387663,0.06176710935510343,0.09994897815409068,0.2134823516857239,0.08997920095652186,-0.22227145041622995,-0.1871673280074067,-0.47512624297544953,0.14760802487586394,0.25704623378621805,0.43022945926338224,0.09564330622405394
-0.02191996532766055,-0.24100791178704367,-0.4793753795536584,-0.12761853247391602,0.24415866602437292,0.01600577942425517,0.06908248312970774,-0.08062602767223777,-0.0021026972226493024,0.218779982408825,0.5728502868754254,0.0893241846170518
0.48908929306776594,0.09745107269347913,-0.1965750983372961,0.04468602818122275,0.40262280500275827,-0.0606471721075321,-0.4057166632231186,0.036907045560183566,0.2917105168152625,0.7148367704299757,0.26228762764887664,0.04934729694306677
0.010347226311111273,-0.28195805547038233,-0.5943015940590566,0.04047171898033748,-0.21653941463350065,-0.28419451016624936,-0.008896841188659646,0.10477811466299017,-0.22354663729784607,-0.33839184614113704,0.14328529797784145,-0.00512572251408934
-0.12099192361466192,0.029333302257978727,-0.7311675759295801,0.2663648340507858,0.30621823385200403,-0.19294946212266198,-0.01074852135307984,-0.017328670895926577,-0.027647707804949267,0.3638113919795368,-0.11848953057832637,0.023768818662835135
-0.06631405506148552,-0.8426783829081225,-0.08555009176039943,0.39110651896801313,0.39357975750562113,0.1353293892959,0.008387267191317493,0.2043919356060586,0.2757400462431165,0.47960539355314835,-0.005927560326943124,0.027514196926545855
