-0.4713438391411796,0.32747406061547013,0.8981129708693523,-0.0775285430777799,2.6942016889088007,-1.0454301248389184,-0.16416625465167128,0.8683475852262948,1.1607854885381925,0.4187741854459588,2.240888123284602,0.16393529586586203
-1.4153495122748203,-0.1509503959622084,-0.7684472792322256,-0.660708085712294,-1.0081756905440293,-1.761453815937372,-1.5240687123030598,0.8779395584450636,-0.02120393685746839,0.23892580933248708,1.4364407684308396,1.4866434218776838
-0.2572069287423894,-0.9794337030072395,-0.6148251227035637,-0.9521504992228382,0.01350756873493333,0.2746162830860628,1.9696604548564118,1.0977673305647278,0.6003948828239921,-1.093327482239172,1.6895581803806619,0.04181689371869231
-0.9433500136793077,-0.07531041137758804,0.7317684758397826,0.10673610157314803,0.4662017099467316,1.373947767422236,-0.13102165923013204,0.5261804708412989,0.2671653120144081,-0.9316757421506456,-0.29029313316997574,0.20358792703898484
0.0059547383928871545,0.597782561261823,-0.16125736791366524,-0.2516884546480798,-1.3127469981790547,0.30207208938662056,-1.3024385613802525,-0.04480221622263375,-0.34025006510512623,0.6048033732298913,0.9990756418511921,0.5607832322851936
0.17092463247204998,-0.23940651277095565,-0.6359086152410625,-0.057940085409332515,0.15088365565524223,0.027720612840121783,0.015265078276695657,0.22540734806284443,-0.42265043081938747,0.2998846428215363,0.013168551535539308,0.30785005973228735
0.6415670814653326,-0.295858648870674,-0.6384906424627937,0.8980423077235857,-0.4011314749710419,-0.08161357202942987,-1.411974215152945,0.032088263945980355,0.6439468144983954,-0.3818910349790121,0.31854188337743017,-0.47688282386744296
0.0820524228404774,-0.5765594887550646,0.8168121956976462,0.02996120335575413,-0.13943576206837577,-0.07275791334672072,0.2720268149636731,-0.12052308904796061,-0.35393061835945294,-0.05104624735738031,0.49756666412614503,-0.5549388550492531
-0.22463386151907289,1.0951225955317778,-0.2874691624903296,0.6992424204879153,-0.3763634027154444,-0.3026718701789211,-0.19456467851636883,0.050909940219111965,0.5490829739443294,-0.7438723858494329,0.3693993573714922,0.2416887691379217
0.55268744121204,0.10627406101441472,0.037914254577315606,0.03685590109844859,0.21700187834822934,0.10888323349126863,0.13135868877544457,-0.11537252641135506,-0.25552353359580476,0.38072156580528815,0.49367131101078765,-0.08843444829641907
-0.9623441292547326,-0.35671812457414087,0.20732027024508187,0.31482266249525265,-0.031194472806441567,0.04318452562770414,0.9406801352765373,-0.2971947886036881,0.8741699466054238,0.5578824682412433,0.7471883825567607,-0.059517243861532704
-0.04038705191969473,-0.1210328483926027,0.20711861966101056,-0.502653527409564,0.04582331548074601,-0.2789505185166615,0.06893927184702292,0.19478182033765742,-0.14619472746757683,0.48811668500746186,-0.44281896863763237,0.5857420627892831
-0.1155059649671311,0.16684177169995493,-0.061721901800217,0.08221545684358007,0.13280127403904773,-0.11904573643648719,0.3522405245789466,-0.511347402658396,-0.009965461646331636,-0.2295063074628452,-0.22608245045266295,-0.3147691632766195
-0.45177584163383466,0.5404123285813562,0.446359487992507,-0.058859033678736405,-0.46300897903944416,-0.09673089804317583,-1.0185717288215022,0.4133376899970336,0.038848435315678345,0.2736333551438712,-0.11907608669859812,0.3454706557949288
-0.18874456705860587,-0.29157525957424113,0.16821228534078536,0.03286261892833276,-0.0015333158726688195,-0.4448808182511197,-0.23739278739015682,0.19276720105927359,0.18653133339021963,-0.20086661014363422,-0.1635961630239962,0.3428132657134614
-0.33133874044079464,0.4114533378113979,0.04282021106840291,-0.28754265315055766,-0.745462374118212,0.8766318376815654,-0.13758453183227554,0.421586502499887,0.021399976475804453,-0.2877151545244877,0.2715284108275568,-0.17407398014762224
-0.16079438325217782,0.34533663051400043,0.050919301801827355,-0.06502906652788715,-0.38582485716494014,-0.09831899616153644,0.06658805481913677,0.6360026862221524,-0.4542109747222588,-0.023835744398725545,0.34935643652424875,-0.4282415211395846
0.47574665459493876,0.025655083086944384,0.37297527283909687,-0.011472737762061203,0.3740376888858485,0.1420631175259318,-0.32305203809117544,-0.08662769814838117,-0.33720198452999145,0.5357387809147133,-0.0012381504107489179,0.06578289597655909
0.0320101751300719,-0.17932994762573096,0.5247427020120707,-0.07001135740262292,-0.2934392926828466,-0.26678301800206816,0.5461780861315664,0.10744795039414319,-0.1445889871448487,0.5496822573657952,0.17985782026088126,0.0734098857656139
0.3616991188798505,-0.23686135717025014,0.07204145154003429,-0.04379270739062618,-0.3005087338298987,-0.14041789139947736,-0.11634013127897083,0.239388518852732,0.17048695266421418,0.24324168803721047,0.6706271565414477,-0.4340639970356025
