-22.47529555235236,-1.5013164485584238,0.7997421722003604,22.520548724946742,30.773184972258015,2.308941804750585,-83.79637307888241,15.140851669259007,-23.504521879142846,26.953648995813957,53.32785563599954,-30.406526028093374
40.028747054189985,-16.249259484726913,28.515516189068805,-29.32917565896983,-36.26413302907987,-37.54907442309282,27.780023019577992,64.85972885613441,37.71756317704727,37.587692597225804,27.477941829344864,75.45509227473347
17.260629195742947,8.294885016105898,36.52770035248155,3.8861993360317464,-23.856693724197438,-8.961936849903816,2.731068696308439,-35.6583931378766,-41.107783628647944,59.72063000784247,-64.5568241484422,-48.73011041308386
51.008436939281275,26.347775907706023,-33.17247704907277,-28.64465855641644,-107.5224025937731,20.239410659600647,56.27060653525104,-24.695503939040208,-15.174629694053271,-30.448887829799425,-4.4059770476893805,-82.33563241421804
-9.291516369643247,29.492100519003415,-21.506616672073697,20.027419944291786,49.074674670415554,57.859402339782605,-98.88926098262593,-7.982793683957266,61.86823516782437,69.3037460816067,-48.58293327333428,26.030742331153984
25.670169355569545,-12.211117176683796,48.02523609141235,-2.443128335283712,-2.7657895778153607,-16.727848769864444,8.770536948407177,-55.04521587981361,50.6176681712124,-69.57353336828558,37.37711113806996,-41.80169473993021
33.66692958416509,44.716208830772224,-129.70773152335812,19.21572644466785,53.43218939023535,51.097186090950046,-47.417644227489276,9.45347294414333,13.381323766304815,51.60188555062091,-25.84224804385025,81.16196678680366
44.281657371238765,-19.23072644738302,-15.564437189415166,42.40191461444208,-38.287779521114764,-48.72467217076205,-22.285523069828574,-62.37207739852329,-17.735393392924,-46.08928944454421,17.920725551604026,-53.002365121901214
15.602447233127632,25.109704239797917,37.66950033978306,-1.2372105266650282,-100.3232452182211,-26.97686899811736,-34.634117824637265,-51.172550166963944,3.8977583006962164,35.64592504077906,42.84397110557825,38.48218647253972
38.100210360509124,35.19193449431124,-1.5571590305008596,5.812168162416736,-74.7453519429987,-37.80156977029575,8.277961267567171,-17.352668058696356,-0.9288273484225525,28.915581181910362,-75.4494134105978,106.29669739427864
0.5761296562917032,-0.15911903621922596,-0.28101583725159224,0.5591413952843088,0.3771122823332189,0.25025432681433957,0.6945971824123076,0.22673214114222628,0.1126513582815982,-0.6013843756968414,-0.6130542482540571,0.7127904765834785
-0.16767234449345553,0.36587597628441826,-0.3808673250250918,0.11359755605917701,0.4163718176386946,-0.24209399456074066,-0.0748081185842443,-0.011202403408617695,0.038695788117522306,0.3824734014746086,-0.11934773184396077,-0.03592379542591455
-0.22052889040166412,-0.3961656587241046,-0.057839290054410686,-0.42415343234494496,-0.035646882469949584,-0.13622229738287414,-0.1070666091470688,-0.33937949267304496,0.1644120523753764,-0.3045529555006827,0.13058649433610145,-0.02323797346328199
0.12104797778108423,0.2647954184998667,0.39919509379734897,-0.20704686089795937,0.026265836059032183,0.0743753068902735,0.2074958754181516,0.1170842948633779,0.04242770054590894,0.10516500416173555,-0.09345804141488362,0.14904570628568706
0.42773323030752775,-0.01900038311716782,-0.08737195632104405,0.2486494032959221,-0.1799101650265726,0.07394223904895719,-0.17069709838362646,-0.2116024753702016,-0.001440153869931099,0.041806977271224115,0.1687665770965663,0.3531446976003328
-0.07994020855182796,-0.33082605884558114,-0.4846847302569766,0.6058276264850356,-0.024848598054321075,0.5079470702750168,-0.09277550257309287,0.06295820745322778,0.10082472160863137,-0.16080701416335333,0.18412132380745022,-0.08730331401570607
-0.11566528531261694,0.07858712062566067,-0.03734752795331672,0.011023984668436002,0.11416515829059538,0.0489492871361539,-0.18623930173598752,0.170415892046157,-0.062435348564459425,-0.312291136364363,0.024992526120303532,-0.3279323978490408
0.17466391048274071,-0.2943527136417011,-0.05684460688953028,-0.25504009376324904,0.12664239128413177,0.0938581020390735,0.060088731075990304,-0.018276881303425297,0.06631761299057276,-0.4354774810299977,0.504482756965751,-0.26002018853738695
-0.009901984042625234,0.36062962192153575,-0.03580761503301988,0.18880022001598545,0.4747846784792308,-0.024253122477842316,-0.0612786169951651,0.5846335241433067,-0.05459685110687246,-0.2380205455111047,0.17399685463448697,0.1695999148198485
0.03627439610558459,-0.3349519596146493,0.11999566276897275,-0.08261412637340035,-0.12564690669994644,0.19589793581352402,0.1886592661938178,0.12519017506838762,0.05228064303225636,0.26386416711525157,0.2782841642235311,-0.0729976231214837
