0.07038173822470323,-1.247454439309089,-0.31740430978363293,0.6782130679327261,0.2561097341700049,0.4713285303375637,0.674511787401056,1.1640022177353686,-0.3291281232582679,-0.399657196140795,0.9491648744341775,-0.3724979242852977
0.17347648826134224,-0.28436166839252713,-0.41682393818199387,-0.1740256056521135,-0.519246020245153,-0.06296087261966668,0.028135188892087853,1.6703527809048035,-0.8229901230918728,0.601887567096656,0.296791076338495,-0.19269697232669372
0.03984061390202087,0.06225561872842876,-0.2364891610362428,0.2972780251751885,-0.20092597379483929,-0.2990300495152655,0.910839543097014,0.9577221509988986,-0.6854825948582868,0.15889812389138863,0.25771885698622937,-0.36411978150974766
0.9798868864563491,-0.0365366990410408,-0.18166508750021312,-0.462221771982544,-0.3899213391001064,0.21652099783388729,0.3302248421994749,1.275357075403828,-0.6370390419314338,0.28615702613098426,0.24010762729629484,-0.4348251736993317
-0.2121161510805884,0.6011686297578044,-0.04542226567946839,-0.1503310594909201,0.03318449428993153,-0.2390769576847913,0.3771888614740325,0.5595330027258011,-0.9500596317606319,-0.1440743036211894,1.0736201399000398,-0.5602489127769382
-0.25466779739274015,0.2591521937401753,-0.20346535448531997,0.07440834831501095,-0.10209705725614139,0.24715954236338444,0.25815819031534337,0.8355737962317268,-0.3425198454271236,0.11356677823447275,0.3979337528742643,-0.9601168291937949
0.04265738448011614,0.45288603378051673,-0.29444484246988833,0.27127625997368066,-0.7280348851011611,-0.2851912821986514,0.6910481091946872,0.49504155258139215,-1.486811283496058,-0.03927121058265524,0.8911956837658168,-0.543723514819739
-0.25905097541019867,0.09555839969014612,-0.17520795517216087,0.09976462177237162,-0.37443279725698686,-0.4883680927938958,0.11922544769344862,0.3181875528384101,-0.8498419204802485,-0.12309182901835099,0.7313868735687852,-0.03254593731375793
-0.3333292017330943,0.5481853297294159,-0.11785110309294704,0.24689840784854222,-0.7588532929926435,-0.44948000247775644,0.19743342572367514,0.7207487262008456,-1.2627729951495494,-0.0647291073859982,0.777604052524272,-0.10003262404269458
-0.5063534898692923,-0.2559041185225214,0.2904507285425114,0.24696719047748977,-0.48581394017083046,-0.3356851951083048,0.43554900198234575,0.8936264719234339,-0.8192358860779517,0.4078167449015773,-0.35581984819009255,-0.4446717617571323
-0.042611832344693235,0.21264571176734312,0.27554724332290015,-0.03197337842360451,-0.5549134021916516,-1.0433707922702096,-0.15151737663679493,0.47174020605215,-0.22775256587384918,0.3118291389669952,-0.18110158171526464,-0.08564440902148329
-0.2952313218248653,0.37577408459267875,0.5325965102404084,-0.27159665157794355,-0.1456551924155454,-0.5595970558103792,0.5162547385518029,0.5059147685857698,-0.6483983794782723,-0.35245643742489774,-0.09454109914611741,-0.5905294812157083
-0.3471947393968196,-0.10818522618986418,-0.06006011032242517,-0.4772054657701307,-0.1496269814803029,-0.22358838511575596,-0.10821168566211686,1.344053923297981,-0.7788922679682209,0.28031311192367214,-0.24058069509610255,0.32885329343616276
-0.1954130943516099,0.32829243971038913,0.4515927097111363,-0.09861939700296313,-0.2791381961694053,-0.8280319933914123,-0.008163839534411594,0.5563173740896897,-0.4192358139379969,0.23196674519941443,-0.5473026691421419,-0.7017978760968834
-0.4628770577696918,0.5499708907359214,-0.08608782575684418,0.2599410366976757,-0.2418156992381296,-0.5456094903670955,-0.3380302629504256,0.2230145141697108,-0.8031076948359531,-0.5557494726547527,-0.6273775803943646,-0.5381596581286262
-0.2955133696025706,0.9035242266702617,0.03493729501111517,-0.18109845818190498,-0.24466618705972246,-0.695547370777428,-0.24238365100622766,-0.31224924594094783,-0.6814404612723164,-0.5415197813205892,-0.7521937047228959,-1.0308292341286485
-0.0877007503304898,0.27948773034216257,0.22877282106530375,-0.2439200097731033,-0.04852023629865934,0.24009830590833336,-0.48955717410176947,-0.15576919915685883,-0.3456778284422862,0.04063892504377531,-0.19271442053837406,-0.4107566864131549
-0.44349062050115773,0.6514564745002555,-0.3813542712717439,0.18946246992382382,-0.18012071532955692,-0.41447563940934934,0.18805398324348127,0.20413505208326316,-0.6923917085276581,0.26589204216291856,-0.02273061308230101,-0.4192528214983697
-0.18932426234492322,0.8087154240603335,0.06200969631675135,0.1239477960649945,0.12111927796775002,0.6782054897202056,-0.6314961483514351,0.33900801179754736,-0.4755741360898921,0.2927334502874086,-0.3520971057321609,0.16810718512372283
-0.2799558876475496,0.1476287747816611,-0.06613701266781771,-0.03149230349234397,-0.9166440995964262,0.10398024452791567,0.10981440286142582,0.7783276495271951,-0.024749100380600325,0.05073428801689309,0.08297630533404565,0.7464349435756561
0.35612332346442344,0.683110978869259,0.31019509728643957,0.04945392510639632,0.20459146296315156,-0.44629837244449433,0.36429537916694976,0.5586824795899406,-0.3113906357095711,0.20079013318442196,-0.12617181195226487,0.5889662077170098
-0.08703123250867587,0.08326803438920899,0.14501928710171005,0.39017622024309573,-0.6108474074911245,0.3600875500796927,-0.03610608968035453,0.3951165857176719,0.12797435801830173,-0.05004969659904268,-0.016251813433115325,0.8893561062892034
-0.0727583218765725,0.2275716635595782,0.20808009414913214,0.1809995763824947,-0.7993771615116507,0.6769010476318897,0.38005033671048216,0.5128850585399728,-0.4062941438316152,0.3767702647444197,-0.15562031149506242,0.4186373928280819
0.2412725685698583,0.5189658627862901,0.08282972059720489,0.43798734252054206,-0.5445806997721555,0.23249346779097424,0.5629337546944799,-0.23063407524410556,-0.07263224716205428,0.09651608142711754,-0.6260762043621547,0.3048247617568702
0.1518926312496401,1.0154834949897424,-0.578252433099603,0.10764520360235752,-0.3541362312066879,0.32657403188728573,0.3184771711464084,0.1517853876517409,-0.4824578426594712,0.5859330438902478,-0.35532040285340966,0.9002655414515824
-0.032459131030565386,-0.09271432971422464,0.472715362542237,0.0692816985603652,0.13419148560782485,0.07793952689259559,0.153300346154614,0.4100231630987531,-0.228711286618919,0.12607732924634363,-0.4069971793346628,0.6043989259744036
0.28229315851628284,-0.14783090759070416,0.04542919965267009,0.5431246057477319,0.044604477518625674,0.5285571319425559,-0.2913033769575622,0.47619512232609634,0.23859677734623871,0.3723741874830604,-0.36163184258130354,1.1616270730821685
0.35778951969191664,0.5918359303607518,0.4258442348971712,0.2675835561912287,-0.6718560521666158,1.2823455201790452,-0.19851839600722632,0.03490128682872856,-0.14315125471602025,0.7275026635919059,-0.47613396558938226,0.3718824922658557
0.5340047653733445,0.48470374209272205,-0.1345378987884709,0.998168152663063,0.6503726289341929,0.09753809257681045,-0.16087590544820082,-0.12341483915825546,-0.08182393643291946,0.23102820744282038,-0.2483987064809221,1.0090531918991028
0.5873160549985365,-0.5268375064750617,-0.2830614906930036,0.581593689690252,-0.0016621265375105776,0.4764183180136137,-0.13468770444152764,0.9261891713946808,-0.085889435216185,0.147728974618423,-1.0789769279548094,0.39913873762789676
0.6465478563298562,0.559000060582183,-0.06238107480356462,0.6101912514865575,-0.20905041037377403,0.4662221943469189,0.055965009416365924,0.45738705193162543,0.1962541537283258,0.29493128714340255,-0.666073676046524,0.46088876634292003
0.3513141903901279,0.6356388627856735,0.06802555478078431,0.6582289724204149,-0.5537259445378064,0.20024922446493662,0.5374010244110892,0.26743029610582886,-0.2320048002263245,0.789830779613688,-0.11094523612311058,0.552568292035994
0.7369444583623834,0.18829129981765236,0.2888580071276944,-0.1163948805141733,0.030261943262085374,0.3753536542547662,0.2823413405482797,0.07009720326386892,-0.07734711347946005,0.9878733044585829,-0.5559120563579647,0.4533199436522588
0.6622237497415691,-0.002952647421881449,-0.027614708538675037,-0.037002873473338305,0.03570659018495824,-0.01919367837910757,0.3006925174319589,-0.3399178403497173,-0.21507015640911198,0.7697930906637573,-0.43964382307271777,0.5833906373043946
0.5607850329292385,0.36921392306306877,0.5321796064790599,0.15419102552193859,0.32824481783239334,0.028726001519166044,0.2919495647848418,0.34743832761411414,-0.4714208207188919,0.21796062399944743,0.15926284749245453,0.28038160608567275
0.6094905452429452,0.6791387600424597,0.3620016767837716,-0.11835589956975641,-0.12441442114548053,0.2011028392521979,0.01701326468441508,-0.8316406169047388,-0.49981973488558373,0.25087809525431537,-0.3572201825315455,0.9845887825274034
0.8794194544688532,0.20706339958875725,-0.23129503768265677,-0.47674152202410697,0.3049280597527325,-0.6740358485812754,0.01648659945966663,0.03556244725372274,-0.6545700561258997,0.3535548928909839,-0.4378426816016837,1.313727156588906
0.7533205945506565,0.3366515961838167,0.04172011072466049,0.12377418465083831,0.18001545947211664,0.07113966121917212,0.06737071125981575,-0.039560910168166846,-0.3330703892714042,0.612061955773426,0.5840198848543032,0.852848663909918
0.6720305209139968,0.6427105945713084,-0.07509717084689382,-0.09124970805488493,-0.47686113359928817,-0.14672135671789793,0.08009092868906065,-0.3945586020439701,-0.678226443793996,-0.04443691240141304,-0.04662729679849048,0.8399250658467852
0.5507818856770866,0.7325845118109773,0.06566904738329564,0.01747532747494218,0.3317545839731842,-0.42202155658509893,-0.4475981497307173,-0.11867931235414293,-0.38871542025369066,0.1454499952114797,0.2851655615489794,0.6496537578096755
0.544982386511335,0.17795477652214559,0.08762268165461573,-0.557338791030387,0.46605697341256735,-0.4353021814422063,-0.0718086083887905,-0.459386309183844,-0.5282774487831686,-0.27403665239955965,-0.6794690096655518,1.826165584085608
0.6566088663301024,-0.045306502679405225,-0.5005276361641917,-0.031470793212867276,0.05516047732653448,-0.22401334077517157,-0.10323673053933674,-0.5914256464566536,-0.42373152494083616,-0.03914889115362542,-0.2821695881377707,1.245528971796893
0.34687642338213887,-0.01109935040998658,-0.5569330952083134,-0.08169565007116864,-0.13637409726769284,0.028039491872809186,0.26731524473255086,-0.2826605681711788,-0.7906101477869021,-0.26318056829353387,-1.06344208771345,0.7729703996522753
0.8341740512162864,-0.23542509185730282,0.28733330809204966,-0.6874901583346618,-0.5387999407820755,-0.5073890589909775,0.8288206550127781,-0.08070280831907917,-0.4472146020297215,0.3622682062197296,-0.2698388395031442,0.5385332819071836
0.9986772509019551,-0.1191336603522863,0.5550247420801424,-0.2682016426331147,0.00951796344084016,-0.565944114337016,0.7273800809599124,-0.23100525500724065,-0.3056772183619851,-0.18329863602230387,0.11288350270787195,0.995855057175115
0.45501571652549716,-0.4183821533657488,0.26256657994209687,-0.38281000738227255,-0.19029942993287796,-0.7186390757980173,0.4543653030775002,-0.27666902913090935,-0.6447153107089558,-0.2341159664389008,-0.8003785331180151,1.1786695516952272
0.7830599621908287,0.21464823597953675,1.131917578785958,-0.25019539945875435,-0.9587387320014216,0.1003782183630964,0.36714895130009473,0.20340720690687064,0.07247027596395972,0.24997650242235064,-0.658621475738479,1.0367763783067947
-0.23198036290873786,-0.09300922182119924,0.10506811469789279,-0.9859591489386392,-0.4762478098031093,-0.35492405185985065,0.3357584306550402,-0.0387232964571562,0.10967383134672581,0.2619037449616067,-0.2783026839796555,1.094669347153248
0.19958213015967352,-0.3317288099528882,0.39122164753382216,-0.4530622056340083,-0.126852431490366,-0.04226475130442728,0.5221249398798279,0.5809462734778207,-0.3165049614722487,0.3070014954046896,-0.6632219681667249,0.6052751405408917
0.025445360008937185,0.037741934901789814,0.6667149758204858,-0.7833428062794845,-0.4824225634520999,-0.2511790556515202,0.7302036112914742,-0.40502763108959017,-0.1880026495095841,0.30031637507423964,-0.9094159716388839,0.9500196282502507
