-1.58607961699447,0.15508463045770704,0.08026483850816293,0.18686542987640337,-0.5045422660516651,1.5095394755675893,2.0616521600928803,-0.27211992385782957,0.804715074773861,-0.09137537979451617,2.0352061152241796,0.6333781633188487
-0.9034182669173586,-0.6939163948424273,0.18876112935363282,1.517702407800114,0.04256482690072101,-0.1955940670954721,2.1024720093717733,0.4814673286011725,1.385462423818549,-0.05955070978010474,1.9074166395406458,-1.2948263589279942
-0.2562977127867853,-2.2095088648587455,-0.9210349036624723,0.39565185886885934,0.6075357560689748,-2.780447366423315,-0.3554782797833886,0.46922089227998104,-1.9975292160616445,-1.3650510202381534,-0.04336517175426376,-0.8664592034704868
-1.2311649255171404,-0.27578335003905985,-0.9403249259023085,-0.187181134090214,-1.704632694248542,0.3034014350679945,-0.4242033168746229,0.06240220452411377,0.5684752293255076,-0.7255718246084618,-0.6189492327090763,-0.7530495319992316
0.5307444000972099,1.5428603950332878,0.005092622962333093,1.5793213107338975,-0.07407188261423996,1.5620708461413286,-0.004909079044257414,-0.8640141654513374,-0.31308471545296745,0.09436226433012877,-1.0848818033112682,-0.005601683387338963
1.4238410455806605,1.069769993943516,0.029350923057665346,1.00881803216026,-1.5634829023826842,-0.6256714955614409,0.5081047271933103,0.5391410572778697,-0.07129847277690449,-0.6630248103913601,0.35838389595218306,0.31429760401825935
0.41259750475369467,-0.11729991491721004,-0.8145346607734103,0.058075562508358256,-0.3036749026906279,1.0405594254500867,0.5107578369026107,0.5426456783029622,0.8530504383444317,-0.0925619855525586,-0.4652276391691399,0.09903065252625808
-0.011092361024385584,0.21674894146062715,1.8227528365881016,-1.1590224505232654,0.2498521255179269,0.35277076281023495,-0.746020101158854,0.1930650290438654,-0.5877970672770672,-0.267869763455462,-0.9892868949425668,0.17424114591762183
-0.7814539218867642,-0.9498279610102186,0.5748673999000944,0.5360687958383193,0.8374263457394753,0.6248308011005839,-0.25361831589031014,-0.7914076109318449,-0.20177716867719495,0.07799246051989661,-0.808257863443703,-0.6151387364748322
0.05679136874505247,1.0514189245569638,1.0165454083072814,-0.3504895311582793,-0.8617259691241477,0.8460896784707302,0.6677176530289073,-0.27951404762243487,-0.4501585275953852,-0.7537012645632549,0.09609094723140664,-0.13636414782092127
-1.3475672218069152,-0.08381423472420602,-1.042778022333231,0.3280136339078655,-0.24144527798613807,-0.630417130079448,0.8591609544284539,0.31712641733043084,-0.29896396116248525,0.7838413337604772,-0.5353426394845375,-0.7092524620817555
0.19349601504098846,-0.04339770499904111,-0.15014931718773888,-0.5404033228399683,-0.2550016509984958,-0.5130607164860443,-0.14967460041064848,0.36296014634219365,-0.06665353533337301,-0.7189290742725651,0.4388815809099945,0.18407068466614473
0.49589080997417395,0.22309360481154003,-0.12454491577084759,0.45740971048595347,-0.8022947882337282,0.2653045255030085,0.202578198032119,0.04317818456606072,-0.08493738720806754,0.2279218061263455,0.4003695712965084,0.2636128995196223
-0.5850943702081302,0.23813446589419973,0.1312390222920306,0.23346055796124815,0.013699338988263199,-0.4224664972046219,0.37668926120913265,-0.03644237576464988,-0.7033149888899416,1.089553105068597,0.026858381041954926,0.4625912294263168
0.21842745966255828,0.19780007984394524,0.032138418834056215,-0.06570380387134778,0.19434867722537982,-0.5638720935148145,0.03206790691723954,0.4448670425838053,0.4349601698388255,0.012587056326449322,-0.42023083526694444,-0.5159879200168287
-0.09277504037408771,-0.21789919611663905,0.1363292220210722,0.20994949561818868,-0.025330896586573066,-1.155490763904778,0.3235683982112758,-0.10622876784939261,0.29978905486611773,0.582787475029653,0.12063549750136135,-0.8721125047109537
-0.31339885235218495,-0.3102854932847075,-0.31427395264712227,-0.48159905424279525,0.32468904133563226,-0.5532169108820295,-0.20750565492330902,0.1066900062094801,0.2549839428886017,-0.14393216435653966,0.010082815621754329,0.9778878440886757
0.31098190928116276,-0.2178598140875681,0.16493019127580277,-0.13957355120748088,-0.18208045620750327,-0.17418259063165856,-0.06787113522983394,-0.3689589642892396,0.1838234677990383,0.047146983723758806,0.35040075119287406,-0.363939417986246
0.2211045774806607,0.05347982651626375,-0.3085962201421509,-0.18089233259920698,-0.2764671329616428,-0.4905172760946416,0.49156953289175326,0.1519192615520607,-0.297885412949521,-0.42259006068375926,-0.003996328593044274,0.004015106446243144
0.35813482429192073,-0.10445682747673238,0.6213957523521217,0.18625735788712455,-0.32046888949163305,0.33408364803985835,0.014192881552388348,-0.19176996146473368,-0.12019716361860226,0.26724054133147745,-0.1289197714834566,-0.13935018375841124
