0.370974625205356,-1.0722038340914615,0.6829062230636901,0.34095871284289303,0.3406481608643867,1.348807304299907,0.850091680093665,-0.29267380831096773,1.0997258618840704,-3.1610817423157656,-1.0264376952682588,-0.05782171045538811
-0.5100943864169097,-1.3664496483922761,1.3971511241285848,0.7376435553731793,0.42751315754883007,-0.09530913287756831,0.04554472159092076,0.9209863990543494,-0.28739235998520424,0.6231606368388457,0.28283406946961154,-1.2597264194232047
-0.8825974277183745,1.1461180030772304,-1.7393867653818893,-0.08720770633672768,1.862301825463742,0.23934721192317854,1.854047401604736,-0.6455720350210008,0.4263022875612088,-0.27525066263256726,-0.47676302401460846,-2.537355048643256
0.39033958406940344,-0.7265480504792932,0.4357802570831051,-0.5578882120256984,0.7647486578524095,0.582270954092258,0.0998535205655545,3.4071052115655887,0.24630092780158486,-0.009679428475636631,0.05475226540002598,-1.326366213902329
0.024966193050125735,0.4382186311131067,-0.5913479479292395,-0.606184957804279,-0.39068438813353,-0.9003518602378912,1.7674705826885764,0.5372816181554492,-0.9484352213514395,-0.19391472479239957,0.6766356841441219,-0.7497269301635477
1.4183011379621187,0.1723277362881312,-0.7345083861697528,-0.3972296395026379,-0.5710609863049774,0.029950999263759437,-1.1847126861638047,-1.0389531636824572,0.6826568064188138,0.27208168610765515,0.4827788819964575,-1.2468383460683223
0.9086128351517729,1.0421675762392446,-0.12771362535174596,0.5725396446134773,0.19738729062207838,0.017442255116045607,0.5619725533384707,0.17130992118007227,0.052777230218786504,0.9206294958193132,1.1845988223114625,0.0331538264453099
0.7680523542620694,0.3590305837929326,-0.48148389492283294,0.4889515292384928,-1.4610468263120688,1.6116452277813238,-0.924575990117487,-0.3900789366623635,-0.21506999914010072,-1.2329620716286003,0.42421859666864437,-0.6182506521479614
0.05610706371475788,-1.436601021454318,0.8278334538793548,-1.026008013462314,-0.7217375031344645,-0.14530957617519089,1.186104750705904,-0.8378356837162919,0.27395632446176144,1.113970562474821,0.03472679030999788,0.379345343262336
0.5650159071130594,0.4576370224563809,0.40401584404745905,-0.5807382625423784,-0.16925332322064957,0.34966482301412505,0.22916313759985626,0.05345171024501355,-0.047090855663337206,0.21413685808383395,0.16768350737022467,0.8716811218633067
-0.36071697869127184,-0.7780560032335011,0.3219300607980915,0.4497205846381521,0.022988285232767317,-0.521521342895975,1.0619013737663958,0.5467267406713278,-1.1355861549684831,0.0890972192751851,0.08274017545346934,-0.37885319226279235
1.0462876036261246,-0.08083206755202782,-1.0239934113287357,0.5897238134987393,0.9654149673507226,-0.8513947301320262,-0.8725499292503437,0.5248260767470992,0.660280535643019,-1.213123403105799,-0.22615814513123902,0.5139129523288753
0.4962745512564166,-0.4086000909890537,0.3331020182000636,-0.8868802870040386,-0.62521245878068,0.2359794763968339,-0.462456516014669,0.4782615748277498,-0.29258037476720594,0.01103425104035434,0.17487198406278187,0.03267966297249958
-0.13192120202766766,0.13619392197706467,0.12350264405024555,0.032761948934795115,-0.10841163718644495,-0.08840151663443556,0.4409866168077474,-0.05810194464393288,-0.6567616989436562,0.4526907928269422,-1.10448596675146,0.20517381497623094
0.35702335751702347,0.1166075958940776,0.36463449584685975,-0.6737274706214135,0.041135379081985834,0.03600201724961613,0.22493170109331365,0.33405441202748953,-0.608085612353424,0.3449036110269974,0.11649055482861362,-0.4921428474210945
-0.1281594518399058,-0.16042785180968838,0.23758067606845498,-0.42657957758475384,0.43832531638380035,-0.21448819800170948,0.07113836656741512,-0.28573779705351104,-0.6337755521801418,0.3293248959232899,-0.41581132254176456,0.5790402963300612
-0.042500817956570985,-0.39666845824857,-0.24101691198006464,-0.29994544839900095,-0.1391358990232259,-0.38934116943422703,0.11288317666904155,-0.31541383169354753,-0.11693171522066001,0.23351300960937524,0.40732164563422,0.36930184406343725
-0.7069833220407836,0.03829353068690208,-0.06063587455117526,-0.01130378788915734,-0.1095070642668367,0.43095999562460374,-0.01230249148350298,-0.5377791152661042,0.09144842833855202,0.07022465120690485,0.38637980449029796,0.39405265040539234
0.18308602843921698,0.13117472605264324,0.08626067107398644,-0.5863691784889223,-0.3936948250580101,0.8165172631082449,-0.3255353864179742,-0.45622309224781443,-0.44918859656344184,-0.2992058590182822,-0.25269256213890295,0.06633633296072719
0.13835999816113465,0.41765304324236524,-0.6088796130129782,-0.755622804357305,0.352083012347775,-0.3493491261102064,-0.46768641360968893,-0.4198781680122004,-0.3239566013693498,-0.27992448915052753,-0.32797445322063434,-0.5059331184558062
