-50.92831207920914,-68.76409606951843,-12.906729816764928,81.43655534931507,-57.939684263550326,29.648635777728124,-11.500524703840988,7.6654158900401965,43.175751202618535,-32.82547832866389,-39.59565813026825,27.426340303872966
-48.09859909779783,-67.81081236617796,-12.574415404835541,80.74611278645523,-55.83811159528238,31.47769536562503,-14.297055506043678,8.497270835691996,40.45667743532336,-33.530520893267436,-35.96517862443332,24.031829125853267
-47.91256193464253,-67.24331338491227,-11.416555114151603,76.69566315457948,-54.09474299173833,31.61675632594488,-16.277362317832026,5.516911741685736,39.38151915466506,-29.86151557335164,-37.24995281945252,25.15423906331035
-44.67793802269354,-64.77185736146103,-8.804722056353016,70.90430703885505,-49.82647004298244,31.587325411108054,-16.308486735498644,3.339718824104174,39.107654810070464,-28.200171236441218,-34.024986201383484,24.580373443161953
-42.10418260724089,-59.60948668566964,-7.810491918942871,70.21950924347176,-48.374061226379354,31.818514944653305,-15.7620607161558,4.05195936799829,37.6481234026827,-26.418483991140423,-31.691223396174216,24.958581949989053
-41.902339585661196,-56.78734050284624,-6.218884804148635,67.18261863299884,-47.53734735612557,32.246806033401434,-16.157028722738183,3.6600190125573855,36.45584212177476,-22.236530323682057,-29.493439910892818,25.821435337673464
-40.64993257344288,-53.30996194767185,-4.789455624108596,64.18901591728283,-46.25410557863499,31.445338727144406,-15.668308099054272,2.1030551694095263,30.648901169612532,-21.685131443173553,-28.248581152320956,25.562811532000403
-39.989242585627665,-51.12231336073186,-1.503647954663483,61.94576073967593,-48.12557801428471,28.471259649731937,-15.800250396691363,4.342888330600061,26.887931500290666,-21.943403836997742,-26.357961326750218,25.951912422782907
-37.79930889142169,-47.79214984695266,-2.8399865603414733,62.01559575112858,-43.45063445815332,27.985945900918825,-16.51714826015548,4.062428520507085,24.942142128967475,-20.41262735138671,-24.045627556007755,25.368513469325656
-37.263560124616866,-45.53535335009772,-0.8256656640652688,57.540395062305215,-41.97513053892738,30.008364574096845,-16.84938132858483,6.316270465166592,22.318763303536247,-17.658404931293855,-20.917960222368198,23.385363181947
-35.675910221117455,-43.81442546160454,-0.10830463384629074,54.45970807742545,-39.76441289724895,28.474132337590003,-15.243233774100542,7.72469805565011,22.68894957510902,-18.077494831799047,-18.832512376997546,22.41635394672191
-34.9937895280439,-40.081177783458955,-0.3806341004602716,51.833505565170725,-37.572611312634464,25.65294063222518,-15.662729392171693,6.980729080479676,20.20288824204622,-16.743236968427553,-18.746657186285816,18.869561857784316
-31.571834221110986,-39.509650029723595,-0.39331107462665416,47.228047433432025,-34.06969365493809,23.677785524142223,-14.901197552809798,6.6072182433185525,19.488419831025688,-15.752812381914653,-15.293167873180623,15.675477428783926
-29.691724002756096,-34.346206989331165,1.849617421054107,45.22350651748052,-33.02579518905943,22.247564407891613,-14.092311803482987,7.624205953458775,20.172028001776486,-14.89048086164915,-15.721759762591946,16.589322522162004
-27.55922358028438,-33.012109910719595,1.703582892644794,42.86421167015046,-29.840049412654825,18.484144880947444,-13.445352899056001,6.604584974532272,19.980838959822872,-13.945209012025824,-14.025321812123567,13.376521696857115
-25.627155420441063,-32.39332604115658,0.9688890037708612,39.474390831658425,-28.890800660654165,16.90237552408108,-11.864948194595982,7.771388794672946,19.167105733983163,-12.012194688711563,-14.632440422025581,10.224422382503247
-23.093467576993294,-32.67600322465682,1.3754280830955896,34.641940258022935,-27.07736700717229,14.275616843477946,-8.628574438117095,8.459584246339055,18.821210095716452,-11.11135370136887,-13.568574316265124,11.927560617015484
-21.150042072716698,-28.833609558685378,1.4142189447023124,31.366518610609038,-24.531486611621443,12.852120384271684,-8.12346415268552,6.1023576953063925,17.202180479084742,-11.357026041853942,-13.52490339813186,10.082485544719102
-20.40747308213904,-27.973665972404874,1.750631408364606,26.87176032526211,-22.06382834598789,10.381051005327905,-7.267319088339863,4.294380824093556,15.060009645304339,-11.820755039269422,-13.241126499993022,9.701815093806667
-20.02591903936464,-25.93100871980108,1.276773795279313,24.546005846670084,-19.740247814294815,9.027196795398892,-6.826473686248889,2.9509395992465857,13.366735080043911,-9.357752525173053,-10.842627781685394,8.77740149525846
