-2.0,2.0,2.0,-0.6833793642864041,0.6317020877919501,1.5727611232172778,-1.839639257769774,1.728554565135106,2.0,2.0,-1.8666570427679536,-2.0
0.06904253990090614,-0.3882806550543304,-2.0,1.8883722323710248,0.4895241124546538,-1.4803204101480225,-0.8138941818574221,0.5573264928139954,1.0880464676482178,0.5465070912565796,2.0,0.46200474539676845
-0.5128246345209266,0.7959667997959942,-1.2511092625657716,-0.15118523325187255,-1.6214001150784143,-0.5020661888913273,1.2765248313371766,-0.5955208815944742,0.8619961371018805,-0.006026423930827862,-0.07264176630687413,0.8815168429681967
0.2762391935886638,-0.05306578887784885,2.0,0.6106696125067789,0.48768594091424633,0.3783159639011551,1.8220722807111684,-1.860175610559871,-2.0,-1.3676817483744985,0.017441821375292446,0.43220316389910096
-0.17137645754768344,0.8979287009107306,-0.29211965001284707,0.7034207559486335,-1.0007068229695086,0.7044626559548828,-0.8144263154996938,-0.24822131319263657,-1.5527518396688569,0.29243858385011684,1.061798367345595,-0.956217462133321
0.062259036508968135,0.1588510946866758,0.7449804854114167,-0.3656943906043807,-0.5566521227523692,-0.6060290730287599,-1.2057438184379552,0.05720013608784391,0.2892193412157215,-0.2970027231329183,-0.6930816903185865,0.11420926296346186
-1.3378289154099199,-0.21766240163861483,-0.3074918196499835,1.11110089150294,-0.32398627323653606,-0.972285093186216,-0.7999018280395092,0.7812550720997148,-0.39194292857595503,-1.2041887372884523,-0.5677569684200303,-0.2283611547219172
-0.2391952232700833,-0.19979549346534092,-0.0776379421413949,-0.8073669038263134,-0.25744766688767584,-0.12826638648643074,-0.43985757972357303,-0.4596059010130132,0.2902608650178531,0.6430981297973334,0.22604055144040366,0.6256827236247389
0.9714920581707872,1.151777096139374,0.2719126591488965,-0.2988110239766691,-0.3338015626696107,0.5433825921769722,-0.440640412551786,0.22452001489473114,-0.588251953178255,0.09714395669437956,-1.0522493111915119,0.0015040356979333924
0.5612546820996386,-0.06337367804889282,-0.7771710956312375,-0.3332356501495586,0.37191982293072856,0.35912737430209174,-0.8752491202707792,0.006714095124109198,1.4661114104981072,0.6448362971416037,0.6876961446498447,0.4223555720237969
0.8502222841260387,-0.2358149438806412,0.3338713528949156,-1.1369714891200602,0.39654329402441524,0.29049575400190064,-0.18654164462900763,0.8463520843131775,0.4292049726113116,-0.07046880783375362,-0.05894242796932536,-0.5199497457468447
0.3033226624275904,0.1870417182082773,-0.7404319138973185,-1.6505724289266204,0.8615452604930401,-0.18305613256303743,-0.6605955861747693,-0.22371038636497556,-0.3052494204546543,0.3242294960215567,-0.0710232597613626,0.3929095306257817
0.40704001211299246,1.2705154733962034,-0.1721513872129392,0.12509963596637874,-0.22882714097008167,0.024837185942083534,-0.5597510516385118,0.1112129323624036,0.14749377022097102,0.3604569585402859,-1.6080488085104603,0.09876442099602278
-0.19907469509945383,0.6357584719328768,1.9134134195531487,-1.309619378980872,0.7055909024587803,-1.4641949384040192,-0.9601547403864967,-0.7037239864559607,1.0492308287654852,-1.8990058985948552,1.8986850039702987,-0.4564605720906044
-0.49448632764825373,-0.44024968921451074,1.2277569965532416,0.5584386608033722,-0.892760844066977,-0.04228312790296501,1.4595373187178529,-0.8397876861768134,1.2947953344288288,0.20805443962720932,-0.49062676878638595,-0.1003217586366949
0.0334758865174333,0.29278201467193943,0.3451830805242986,0.6848146375527321,0.5337335786949864,0.5207370343758035,-1.0921828537850813,0.458830691001001,1.307447417596991,-0.7500124814613234,0.12433515745390322,-0.32995415601794087
-0.9771770908108358,0.1987738072647681,1.8380416666411517,1.7880230616804307,0.16974931268070023,-0.7331091445519573,-0.8769950318173639,-1.0226602521434054,0.5474419668805406,1.791218202268232,-0.11377956957573537,-0.8846917474880855
0.04778397369221227,0.3412224046247473,0.9233504118207803,1.4389273352651375,0.949135741961455,0.5690984371817548,-0.5034374729279456,0.9013381154706193,1.784560607827716,-1.2621998158132102,-0.6061057347280895,0.12385296496920223
-0.7331799276734139,-0.6684315670132623,-0.1612453129915682,1.3900854883795923,-1.147737464740116,-0.6343514145883167,-0.3012502056032912,-0.11456932574218354,-1.839378251924956,0.9029263711858779,0.4433029098859884,0.06436404943711253
1.176849310766194,0.44688565583951867,-1.1551398413289866,-0.2997438042040416,-0.06661360612457728,-0.1313210533791884,0.6561246621496911,0.362768799525998,-0.2834180177002407,0.11321198660006421,-1.6144292562029712,-0.36478460195769913
