67.61988541712991,0.09811204993961731,-86.06722460839308,-96.61239768381323,53.2923829454589,-10.35143806502424,51.025508234606434,87.70833352704555,-60.56814513674823,9.048604396296795,-45.40742026576646,6.305525622002616
21.81468271527696,19.908600069172945,-103.10719349573569,-0.41072623524998586,7.826984594263126,9.959938812686513,28.51739341372746,55.193736907455495,-19.864548692010786,0.5328616072504415,18.53661793863224,27.72217696569843
30.483855971829996,14.696140109347786,-99.06180246637388,-3.831834359839293,-9.617682955850535,-18.526229497915132,65.97240101454304,61.6294961513626,-16.760495324534386,-17.4580612465322,36.577222284676935,12.358606718402758
29.75997987595487,2.7921190473543684,-96.45494272098504,0.8171058384084955,-4.438411004180009,-17.313370509104455,62.18456191163315,64.48217653749742,-14.070953952913328,-10.68924276679176,36.59667212565714,13.539998323708556
31.477532194247924,3.0097816385155647,-95.1801694130977,-2.9841307747758243,0.9042972440015806,-15.913770265848974,60.71300257698328,59.19840562907383,-15.770333719751424,-13.271505628847823,33.54971488753732,16.18462914731987
27.858659151244776,3.363354767362038,-95.00791496144164,-2.9597305945117913,0.3538348614848316,-17.285035490940054,56.1267735423953,56.45582151301373,-16.54725206257645,-16.18823534491196,31.28947944524202,18.875576846041852
30.938361898108578,2.48618598490626,-94.78656616485765,-3.6236703112247284,-0.5339091058658856,-16.485684589728166,62.572784709941736,60.53391271342371,-16.292094157384962,-13.723837880710372,36.28393247834361,16.418175399127275
31.267254366130423,4.628403358243488,-94.7204584956835,-5.3025100944240595,-0.6460166236202318,-16.138277785007286,60.62145611765887,59.40458504501184,-15.894770353178902,-15.619518355437853,35.07856406896851,16.306729682534144
29.431933501175426,6.0530326033261375,-95.18101679439629,-6.199434507348567,-1.2472912002476773,-15.890055890812425,59.9390224264484,59.45684293347761,-16.30136470472094,-14.8902553749097,36.127569684871744,16.26353997219162
30.19830633063222,4.300696463846774,-94.40568530238176,-5.237708344202923,-1.3851226094530245,-16.10152320018336,59.98649836009131,60.31040832721575,-15.698830812114828,-14.638095431529061,36.981091129000674,15.943059131037383
30.198913286460495,5.541195940602685,-93.66355963644627,-5.3251767750952395,-0.9633662187132339,-15.62574886732208,60.00678561901816,59.8445132307151,-17.083216092171327,-14.82339146297724,35.85295910411043,15.707109335362421
31.29159337028563,4.7822133650188094,-93.7208789406718,-4.922787340881442,-2.0132791784769974,-15.045824525852915,59.42250930996707,61.366021876234704,-16.277443389902984,-15.008294402458167,36.19185695908584,16.356099135096162
31.3351456272552,4.666754717731296,-92.3013048399653,-5.091949740038347,-1.2172900753985036,-13.311927367109671,59.60687843216154,62.71692445749747,-14.586658003571237,-13.998975542282285,36.73198436939351,14.877719638494158
30.033924951912088,5.1389867507967555,-92.26365694676383,-4.372466757813373,-1.5063367493065838,-14.210918436479664,59.18617745991041,60.19582531512858,-15.320637384736772,-14.017215873441332,36.82449818806314,14.502571986117404
30.977719778650155,5.742014679733019,-93.06057833391431,-4.400895728455789,-1.8374217415359626,-14.13513564745104,59.60393531304018,61.108304983462155,-13.535547220596737,-14.775210768751853,36.13587034693638,15.276364795546844
30.93059948451982,6.349605847158257,-93.40849579883125,-3.8677005943213145,-2.1454071566936106,-15.515070829408899,60.49989973374256,60.22376157591549,-15.58236336234281,-13.457644184909379,36.20333988114268,14.872168855865839
30.468978325487797,6.518834919405335,-93.31646137437426,-5.026803476030436,-2.629702064207214,-14.900361460882166,60.5113081174908,60.25376521565952,-15.0036671915875,-14.330541753774767,35.53283242820225,14.792662291822863
29.853603685682515,5.64610511073409,-93.0234391375302,-3.4709765629702742,-1.5239888954926737,-13.611756846827221,60.59431470126263,61.553382328527235,-15.514051988304004,-15.192306851440364,35.74798913963812,15.135150571887232
31.486976605350062,6.257390007434403,-92.9152590025396,-3.4157467080530624,-1.3048953884298644,-13.613079898003773,59.70934438880423,61.301726042322315,-16.070735963627744,-15.681020841782098,35.56737433266242,13.57825006963351
30.02683503712867,5.1702238266459,-94.05878479650195,-4.147130280184052,0.4637704916914598,-14.82392673108933,62.077871108054055,60.393233423188526,-15.498978997119275,-16.764072349768593,35.22502690561472,14.585132738492998
