1.2589067495154183,0.8784410261374105,1.0988074308739901,-1.658337444040209,0.37483977181373807,-0.10263473307773491,-0.14395523594161558,0.9832570942813108,0.02453912097287958,0.5764693220265708,-0.8672536870299093,-1.2121221271377318
0.5314786989211071,0.07445446870117581,0.8384632858039084,-0.6294051256728126,1.5257490740840445,-0.5183509424247641,-0.9883262655579208,-0.46338630572425515,0.20214965331064833,-0.8758738908817086,-1.0690226254596369,0.2841356422975585
-1.4260671718133626,-0.12065243590034477,0.535541725416813,-0.46926477030379027,-2.0,0.48274335672315793,1.7698597945596677,0.825973388133919,0.9350803197317625,-0.8020005490535168,-0.6928280905775627,0.5106618463785828
-0.9866034508637347,-0.24519655177237282,1.4665856466382488,-0.6692821289232431,1.0986524221690337,0.3051984077760517,-0.06703615079206938,0.2569536833508548,1.273206099534264,-0.07760237689342425,0.06840560019344721,-0.16092010162309212
-0.3917840589530628,0.680362605913267,0.6297493892491153,0.8466316372402046,-1.575901378789994,0.6449470259376537,-0.4440680439691991,0.3158655683749924,0.7554379907626328,0.5044181673317366,-0.8058494049898207,0.7050010115214697
0.013960285990454485,0.004934547980287085,0.3435080544990565,0.6616265292838287,0.9803782079230146,-0.39633594360448,1.3609908485746316,-0.48438757213496453,-1.534361240313726,-1.4707773242219306,0.5301692897314862,-0.04134390735932719
1.9758185453877917,0.1621953270547554,1.046297427769634,-0.3516449027562926,-0.08279658924503105,-0.30452538901577586,1.108863670298903,0.03565721198659044,-0.9908330786690361,-1.3221224569368093,0.7682896224633132,-0.023563962527058446
0.6671881802448365,-0.3458103842459746,-0.9521218143919308,-0.9542658035364604,-0.7654290535415702,-0.4699280370558483,0.11779656871348698,-1.7323896159163175,-0.007505493989094756,-0.07365279034896699,-1.126624369571633,0.4052155336504623
0.03324561983121689,0.6850019293697637,-0.8708866249201395,0.34385267633461836,-0.08707078337249025,-0.5132099406119744,-1.1800315073993248,0.8355233612207972,0.5297195118071873,-0.6492621885883956,-0.6572470913651844,0.11840954704863663
-1.5259885619537212,0.1544892967308796,0.7558287228934584,0.3550507754479252,-1.3309268074642862,1.3213308212936412,0.24198542373148602,-1.2273316963941454,0.14281721390618643,0.7235877172597676,1.7358628415452744,-0.8047712249610324
0.5914730330725828,1.5419831829607547,-0.8231330017571382,0.6265476992348813,0.25991867805217406,0.3225611007841367,0.04780223800467781,-0.37152909985410426,-0.1836860343200362,-0.04495661847494241,0.012688362022116317,1.1371166572507676
-0.046862802662028295,0.6474245970280322,-0.5057907265514456,1.0824632094672177,-0.7152730494037082,-0.51594007660374,1.730974517832894,1.164291922803009,0.40092048444574985,-1.0133267094707998,0.10155676751706733,-0.3187550292486284
-0.038388165834307125,1.0070494805888286,-0.7860585241870184,0.006451061430403859,0.9492021032380252,0.4933085884976003,-1.4026586982677425,0.5357632438166908,0.022288605249188215,-0.5454751663652122,-0.2585115467453905,-0.3796218372049155
0.1982937023779795,1.5005062900408381,-0.6816970214230466,-0.0447811974359892,1.1504302818945582,-0.21922691965927682,0.09988215404735418,-0.03537153880091126,-0.8664152982633183,0.38546279542447753,-0.300499493368803,0.11381970426242102
0.383371988914202,-1.0967601599772046,-0.12516552254594127,1.7750457626055882,-1.5751072748491666,1.4225469929421577,-0.8305088461137761,0.3875059662292432,-1.0771920814695015,0.5756247348146646,-0.43524204881638706,-0.8738421663568143
-0.9749366416226634,0.3277724633221689,-1.4729131499676757,-0.8839725167686336,0.6206730449065758,0.370176785461106,0.9886318419964624,1.1171920997714566,0.19361575571855252,-0.1406270004721712,-0.24420284573750567,-0.9682153835031942
-0.1495744673705405,0.19959355953128827,-0.5139207865288747,-0.10713943772896589,0.6100034252577319,-0.40490235069332775,-0.3930783629230699,-0.3894856591904087,0.5718272771089675,0.17626317908161282,-0.404898564503257,0.6369072629998139
-0.36702005481778666,0.24077330252364093,-0.015974176544513094,0.04127315643113927,0.025020989878964867,-0.45229114922656094,-0.1253114968253899,-0.535820975075999,-0.041267250817489734,-0.32782175390456797,-0.06678932690517492,-0.1771680250533046
0.09710844903191422,-0.24081345389626846,-0.6730188153375031,0.5594535484368247,-0.7199225641199806,-0.7303999331614394,-0.3932578039277756,0.17507929813446307,-0.5225868883345386,-0.3202299549067932,0.07213971712624506,0.11235565768627491
-0.7646233179680897,0.06643788001957923,-0.8593875779500657,-0.16157157563202038,-0.5454603704489451,-0.8157208974941683,0.07648786326567984,0.03412772011227068,-0.7416271145638587,1.0678827908608297,0.448418545927103,-0.4663303134451158
