11.794465184942917,69.0270490262113,-40.95845607676116,-9.72740763779985,26.465614110963198,51.772093207878946,26.239390012039536,106.88553855305396,36.15896060784142,-45.7313363511044,35.338782758122356,29.421802537500117
12.93628364980541,68.70382633289869,-41.10559617409974,-11.855971286551856,28.464004240259634,50.50488913614522,24.33587807845641,101.8238387333141,38.299572006576696,-45.22057024855992,35.79824787437569,33.638103256723575
12.702788799377108,68.36229992076302,-41.15134248416463,-11.569057060923251,28.338652197976725,51.398302817717926,23.596909238660338,99.11740766020213,40.492090106887126,-45.47584662184791,35.02607350437781,34.61131637407237
12.934784947883712,67.82137136071591,-42.936399212070604,-10.856137827908688,29.109747007397743,50.34694504616588,23.298043709357227,99.28899113132546,38.87111121244098,-44.40004502043812,34.12556766311623,36.03113802123179
12.47914117764253,68.12518061214392,-44.15718690584962,-12.070861861561408,30.09814735368226,50.440898958678716,24.143111732832327,98.0267742682849,40.14089643796011,-43.93193847973926,33.946391038251974,36.42763568188035
11.47725153942189,67.3657113916438,-43.05288002067317,-13.21919487340378,30.562593019491064,50.16159609319354,23.907232438134045,96.29474159009409,40.81690042726123,-43.264767892715696,33.91901309139007,35.50302091356599
12.670934984106513,66.73860480768967,-43.481382472368615,-12.319792533104795,31.914057444260607,48.75750383726829,25.444995472314496,94.32675417364852,42.03022934840298,-40.68541833945117,31.769659147152314,35.357369406631534
11.27189496945057,65.90053184967273,-42.88445088058951,-12.328260383680314,32.057450953395254,49.41334044236995,24.6126933684079,94.26276788033016,43.41003778411726,-40.50900754836764,31.227480693755272,36.46535026552326
10.730631833316497,65.4796947060673,-42.803739132152316,-12.797167225720482,31.125832703347882,48.81493860813899,23.809578907774537,93.55224988562598,42.73263715123548,-41.121779524521415,31.50058284470911,35.21036329193789
10.286481792053271,65.61149168004611,-42.074106549081094,-11.902083374785825,31.79953201835226,47.52940156875817,24.769832672424066,92.14373834071814,43.16710673870451,-41.304847389619894,30.40645316799583,35.22525823774835
9.92674981753038,64.13519208368551,-41.30118533108701,-12.588218149602938,32.04216085684066,46.814410474098736,23.3735590011928,94.07162396821262,43.27011201993808,-41.39609046647337,30.264613602419168,36.014151201335636
11.963716123443248,63.76062292288301,-41.64703959495917,-11.597697240633051,31.8753259660742,47.06741049356609,23.9014705961351,93.07746888505918,41.7289758280646,-40.41847060623468,31.09371061602785,35.553342144163985
11.146321776133169,64.01544905625306,-41.374715398123485,-12.323789433305484,30.162430945699978,46.60328726688488,23.443305393637786,91.3524532848022,40.95660267341397,-40.075025375910684,32.397628569593344,36.19858950719464
10.676930747852174,64.14325955361801,-40.71848506357286,-13.702845786241278,31.25230457964445,45.93990959100509,23.60490955738929,91.07882383814496,40.541187576361445,-38.88197201391968,31.786003955965196,35.48314326400707
9.600722256926902,64.11635956071952,-40.73636442062196,-13.210034015146858,33.03972896723637,47.40466273419699,24.828457813613372,88.78094648089392,39.329299910588155,-37.676198621911226,31.13802717043533,34.67705691187228
11.594845114896707,64.52717909804139,-40.764057203427036,-13.172309017763844,31.411788405639214,45.46792710706606,24.099408010775484,89.69778565090238,39.05704241404643,-38.717292659989134,30.495042982274704,33.089163106160306
11.089707003696947,63.69171812374785,-40.15945258555638,-12.685038610835845,31.65119671152582,46.23381122096332,23.366790308282912,88.93884581050469,38.75481349926392,-37.680087386074035,30.57432021770869,31.933733617584526
10.866622254905737,62.271924531104986,-40.227608644382656,-13.599329588919588,29.76860088735806,45.26805007804028,23.899321601180837,88.88726736422818,38.3166369014825,-38.46280045236494,30.428084603656743,30.79218974758529
11.251832538129456,63.04723083710557,-41.07006830643426,-14.42555650471708,30.701742747222905,46.34096509267036,21.917039417491303,89.24321894047551,37.76418331215891,-38.03442424985556,30.552598823609003,31.020931089101047
10.816627408236657,62.724024545287946,-40.39195774797133,-15.27141894499823,30.610772848606913,46.201329645444325,21.489100257371376,88.87076670933443,38.04041704474828,-39.40716255193854,29.2988902553012,31.70865417102738
10.755105544453484,63.19376326772038,-39.60477981106839,-14.09108444481898,30.296392411586567,45.737219852083264,22.20662333781059,88.15887696405028,36.50292802319438,-37.48055200860334,28.337442823239943,31.662081004792036
12.071304653878572,63.53497442982939,-38.26277324451021,-15.223756939085952,29.536802104488906,46.3869390135575,22.15813115157438,87.46614584911023,35.306339315973446,-36.81643452210946,28.599319185336206,31.15579214629747
11.407491299849458,62.60269300270722,-37.95307148265315,-14.211901343090963,28.296808566786783,45.02961212537883,21.151392781411474,85.82357549709556,35.58389459454534,-38.25828089602451,27.626029246041707,31.281327013468644
11.705485834433542,61.81307535286514,-37.7389807938469,-13.215415129546873,28.930564212226088,43.8295871946182,21.774334844337588,85.39611892279052,35.0934901182595,-37.131771778861825,27.391982017765585,31.60101474635908
12.412225731094974,60.24868331639014,-36.23441047391574,-15.125048449171599,26.827176714833946,43.84918195249497,20.717426846103564,84.99458009064031,33.02877285021962,-36.27974937031911,27.075010138032184,30.049485186760837
11.461220292893556,59.964647353433186,-37.12240470993409,-13.71874673897694,26.293125521134854,41.90888206164528,21.125468164864728,85.09283363567502,33.2091673178518,-36.85372485455958,26.918436015097672,29.946196467264837
10.686185541615746,59.19506352027607,-37.0064481558792,-13.529941375882574,24.381480815789693,43.04936041228537,19.82048801812918,83.41454089372236,31.079926136129096,-37.078330951925125,28.076073549221505,30.67004242247954
10.33543510715966,59.21120892065612,-37.21374416376999,-15.077658564988436,23.892019279565336,42.50762344670799,20.72403801533373,82.46719975287274,31.549013729574902,-36.73988160327832,28.047182421454735,30.057442430665837
9.6982671183188,58.74841805452473,-36.99735193128776,-14.959099634827947,23.651475950209214,40.66469733861165,19.87186315629343,81.99609613045205,30.497212071555694,-37.22221219388726,27.045537449345467,29.839652779154914
10.349780869684212,59.34202592959898,-37.211216643358846,-15.129451411519142,24.863763987598436,40.23060729267751,21.419778333665665,81.82344369371695,30.966384751458115,-35.83935781161586,28.10713925561918,29.20421469216321
10.288051840001772,57.65874138818171,-36.46006352559654,-13.638563780195836,24.16602777167388,40.643443791389025,20.595693297624194,80.82784101485625,29.303453750524195,-36.67947707020511,27.47665312502309,27.950863677440644
9.70317959144223,57.366183105511475,-36.09828438595683,-13.599876391915766,22.360689848339526,39.9193898811571,19.558914588493085,80.26547759385119,29.903629882316896,-34.44234325406666,27.54273872066679,28.1093417381288
9.02335088579268,57.032954602399435,-33.68772806411817,-14.6090026693197,21.789804443849793,40.57265544704506,19.170515540793815,77.02540197836855,28.874748662650617,-35.14250992839892,27.667860720898837,26.317551312420207
8.26753439220506,56.746676682588536,-34.53854802906082,-12.954628938570087,22.152966914764683,40.282547626996205,19.277895409809506,77.1912260517242,27.362815184435206,-35.09604343435982,28.384323029966186,26.011017030630903
9.304641367515396,56.65048412112529,-33.5016801735283,-13.91844287881852,21.73688044329114,39.72884642791719,19.19583847912891,76.72780211015395,28.393918196426366,-34.51279503343706,27.28835130201451,27.587064911707476
