-1.1916979799382976,-0.7056944722727523,-0.8035813715644538,0.09080992797423759,-1.8587859141553347,0.2907193096944907,0.736440221779108,-0.35540904662061995,0.5473086064078638,0.4656972145327804,-0.48465840055981624,3.1001964185880397
0.025224282244307006,0.4281814140866678,0.38584832247207435,0.5551104145379838,2.4430465385460423,0.6795169510568724,0.37906580985978,1.478274370744339,-0.69878741504108,-0.6367298186682704,-1.1301022157293334,-1.50311731144923
-1.331796154314271,1.2747078889448225,-1.2335974269565237,0.6426234596670082,0.9415140690603608,-0.3621337374490763,1.2840281740202426,0.9529057326906955,-0.7218472901223377,-0.7370176576839081,-1.6042809377927685,0.8235638994020391
-0.6188676140538019,0.8203212224293579,-0.3377194049078627,-0.17616093714540468,1.2603890038783938,0.2679064786101506,1.1026219547898821,-0.033337386880617687,-1.184716157198161,-0.8168520845536629,-1.3534991640660323,-0.15416045248220778
-1.6521936227303384,0.6031977867870615,0.01605180580533705,0.053523848978356776,0.6326916936784222,0.03979999312265099,1.6364644845503862,-0.20645705200932235,-1.1674152428169036,-0.5008328308045017,-1.4684779332986355,-0.24431506116142515
-0.6537364749784664,-0.5849992778492842,0.04043363709121717,0.009551940348424687,0.7646362832997198,0.6342677543060525,1.1080328346810489,0.7774136287539823,-1.5752559348168491,-0.7501226765237536,-1.1683155515920065,-0.31800147024120645
-1.032374637077738,0.11133076506246284,-0.09399031371877667,-0.2732020753667793,0.25884283248152873,0.2540251318211474,1.7656166571971483,-0.013131223052949358,-1.4751133452052354,-1.0050857832597309,-1.2224112771470914,-0.06941122598346479
-0.7776596706851222,0.3716105818521968,-0.5259114932744569,-0.3543595718335538,-0.03816516439681487,0.4103996975695195,1.2587285184065657,-0.6934350319198397,-0.8970825167030136,-0.37923517942613644,-0.9135829555650066,-0.3062780706024498
-1.1188288360625505,0.5160405790393334,-0.7198341258025092,0.022711769009835216,0.17146134744268116,0.14393514166382035,1.1280455759528603,-0.5168850775571501,-1.552301088959794,-0.8119543663793136,-1.3758998569653982,0.20005596857718103
-0.42853571272194135,0.10023844233389756,-0.06563579113653562,-0.3194297722850158,0.5515467740389782,-0.008220506940449582,0.8494605495803855,-0.1930725779369856,-1.5613336940056526,-1.3848927520971663,-1.2353244124415175,-0.08329441328407497
-1.018554536116392,-0.10156388042829725,0.5652265791934901,-0.42725435114420396,0.7498192657945738,-0.5094671222426276,0.9525318140436511,0.459032957718004,-1.041383748005778,-0.7807576472445955,-0.7833828326255463,0.2214604015379093
-1.1878902071713089,0.15364285930152863,-0.06735346090257169,-1.1184454139831286,0.5886698134319006,0.2682515087921457,0.6799193640013362,0.08598059661491231,-2.188951229075337,-1.2179246199133877,-1.7482833755272171,0.5377796073730606
-0.17203918761862858,0.1713288135332227,0.34698518133787715,0.07489025325442816,0.3242409947982218,0.08691028428807543,0.12208107175762672,0.5715980966365449,-0.830346417901306,-0.695494197521031,-0.9096907650391004,0.06338481643183763
-0.1629702842079761,-0.3473017255941955,0.6855498321579584,0.20352994177545564,1.0033695810018308,-0.19001312242930027,0.8446431760286188,0.347762287987209,-0.6754766060850386,-0.5048458338557178,-0.42124267824958295,-0.018215927343713578
-0.9473578342408735,-0.24111739856517528,-0.2473437777045088,-0.22153836510118446,1.0748639489683072,0.6569335018085262,1.438222796355019,-0.4184271746982365,-1.4749183224499627,-0.404000467889567,-0.34393024663244576,-0.00754612262768975
-0.4575537046255312,0.006044348636272484,-0.10853855810431998,-0.39789466715708466,0.26336490089420694,0.07278383472834421,1.4570726031099923,0.5814956933249078,-1.518784077507068,-0.6911939101409434,-0.3478652524941144,0.07943647984559488
1.0790474218710462,0.45318269151009644,-0.2769130793843953,-1.3089942977392564,-0.043060499612684586,0.3462478069730852,0.9599362214762057,-0.6519126840303379,-1.9269700454624505,-0.45701516192343905,-0.4172584765924083,0.2019708680064688
0.13913703309637696,0.15108177367425746,-0.662100366308156,0.11670244450880313,0.44675521739099305,-0.3261226570119645,1.321618408804853,0.1187656920818087,-1.1075415775331476,-0.992490093077311,-0.5092902988035541,-0.5877410058875013
-0.10225478111152433,0.24516866798635786,-0.11052381493420026,-0.021442328245024345,0.5174495372456385,-0.3574719346625205,1.4651492872823475,0.5002309006467298,-1.165783021513289,-0.90577445189107,-1.4535871482211153,-0.8057958929023022
-0.025860242657029436,0.8582956710004546,0.0422455061414113,0.28610922318557924,0.31641694555759026,-0.34894972772703325,1.171322427280469,0.15744382613080835,-0.8794308941559588,-0.6588711881857164,-1.5457045491360195,-0.29434622966962243
