-11.455188594797413,3.5948456087044747,-65.32831316459783,12.744609914794887,107.22350942886972,-32.75255347926331,41.00426314878101,-70.9950774845411,-113.83432815449466,20.865727926758787,47.76683709229055,6.422449945960828
31.651629146802584,-7.858975083078166,37.395441828620044,2.556433758370084,19.442402972288683,-64.11593735870643,45.13066222322287,25.981806187111978,-79.03633982536915,37.476711874501596,14.393847195987671,2.1135390369984925
22.242530031518385,1.2433674733532558,21.599056645564485,0.26825761831320083,16.499786170456407,-48.99996540834683,45.217393285634095,11.086939407494013,-51.39720542021114,36.67898559096047,26.376078474342847,0.841921895801168
21.501365606730346,-0.44630995007077856,21.162609432938858,-0.21930947859809802,21.10926642567306,-47.89288585534322,48.216243288394914,12.83198313685564,-56.66935431070824,36.29286004065663,23.719896744528782,-1.5853170711782354
21.7674382348357,1.3663646029657026,23.58317958537285,0.12443221117787961,21.037934422562273,-49.872161594253015,47.838957812184425,14.478545362328685,-58.365554480781256,34.311484867803834,23.435682670112524,-1.0360220337456163
21.75429185010865,1.932267391301025,23.665057856575203,-0.08935789909479411,19.794324713716183,-47.770607712937384,48.606897308557556,14.636847783763194,-57.989238720696264,33.864367626918735,23.79472063688494,-1.1352495988423352
22.671936665992984,1.5495103674538633,24.134883942289903,1.0894705627784103,19.360809283747205,-48.72893203569059,47.971478726730865,14.532598082597891,-58.381396944695176,33.55248439005888,23.5525645804497,-0.4688885224740874
22.455876811082852,1.5725877972356008,25.295061662008802,-0.2352014276914195,20.475765890158545,-48.55166340298734,48.315551652820055,14.501211230112247,-58.77484566107803,34.906229623406595,23.306809537790233,-0.7062655271321134
22.375005099832546,0.9293511583528868,23.95132866889491,0.20371811447024712,20.654642958016815,-48.59092191047032,47.65416681929344,14.375034891757092,-57.932027059398756,34.39771892218031,23.18608891893932,-0.8841012660068214
21.593636002256716,0.6415971953665369,23.286650481012163,0.6003278230707869,21.26688867027923,-50.223570517394634,48.33361245212508,13.508047471558383,-57.99548081818089,33.39108533250063,23.04521177982115,0.2803571697481725
22.11260179513912,1.1605244746790409,22.908771682887032,0.8540454530913466,22.35474322499259,-49.40296199283319,48.01660100149721,13.905510400536771,-57.488375968240675,34.60572267339636,23.87982514071239,-0.038308332679615587
22.197996840214962,0.8515019206950863,22.16954288311718,2.0076453694181473,20.954378000765594,-49.49059400198597,47.38349437456707,15.138444227934066,-59.15878443012109,34.7159474989738,24.122514816142278,-0.2956754040816341
21.033787382288892,1.549908324852722,23.340451905995337,-0.11254214248652095,21.274909985642324,-49.11014275800649,48.07103607406655,14.728861247837669,-57.41435385713691,34.22364880621319,23.509624878516185,0.09357002566696976
21.947929054049464,1.392621741095468,22.009592759648267,0.8033608271618065,21.11982715586707,-49.653646469864064,47.4679969602104,14.015567920828016,-56.61519702227802,34.05561050963054,23.51717501097053,-1.6561856412326321
21.71517862700548,1.6688182650999297,21.626017620477096,0.5967068915220204,21.488306459091845,-50.11427052082729,47.44243878777663,14.430477313606124,-57.57203383497632,34.4373971823333,24.59259278067651,-2.1661543354732045
21.276707658553246,1.6783362318937531,22.290770686839167,1.1824063562372913,20.84474991598137,-48.71463586469577,47.7020999993832,13.627459320936827,-56.67094261407537,32.02951975916808,22.781429355788305,-1.1022042998669372
21.517758925331954,1.29650595752512,22.834017521769297,2.0020186986169723,20.252409732963162,-48.49241064911457,47.26433246001006,13.486809916939668,-56.40463410625585,32.93397301995785,21.719034937071996,-1.2666240836677478
20.8997831836267,2.288062234750285,23.165584297086628,1.9414365799923836,20.796172769191838,-48.56326289341776,46.632318971433484,13.635016164857614,-55.53385717057812,33.709730241189206,22.1437154720432,-1.1465627498458089
21.908650704317655,1.3524166064429095,22.48379693251587,2.671206469513514,21.96886497960877,-48.86409280058271,45.91699602878762,13.970475106234877,-55.31675048939242,33.08620815120271,21.90181011512973,-1.8293731587972812
22.306374052982207,1.7641583650294113,22.37187617672818,2.427308671822893,20.977752238652855,-48.42787956867838,46.37756709215144,13.39805651074079,-55.27292964239177,33.64884022854619,21.921803455833206,-2.279388346522421
20.805822369673166,0.9908718261946413,21.891693565162903,1.8124730015104444,19.885176310347127,-47.295751887170766,45.52448822276203,12.580078194081858,-56.2998461742403,35.18135905247892,21.724974707588924,-2.8793931007580573
21.27125006307468,2.2809974757491362,22.451274827802752,2.271629670841779,19.81985837666135,-47.11936096348436,45.98950217439008,13.182685583793122,-55.862891910824786,34.18654314278206,22.05671799437416,-2.216662793386854
21.766945847874148,2.803133655602047,21.62619615223163,1.754908615987332,19.89342398753778,-47.12814177490858,45.213826170043646,13.096069622373387,-56.10007230279451,33.58946979078193,21.90490808859519,-2.7624042852933233
20.567862564852927,1.0053695921255914,25.168527054342345,2.2467023482880837,22.92441248561533,-49.38837966026552,45.4131411375702,14.024683617442191,-54.946922451908584,32.28929281321117,23.207632144008922,-0.7944576464477417
20.267297150231023,0.977797002979107,23.88977730579785,2.0447791213793316,22.919173159547935,-49.17799962675446,45.21660838502099,14.474046438168008,-54.22933631778664,33.069299103535656,21.335770328580693,-1.1170622258679583
20.218796305532234,2.071275759526113,23.025307127438417,2.658781581009522,21.657327773137713,-48.540989733390326,45.17518499491287,13.70712318403501,-54.78031076145183,32.01288111485157,21.982292340081237,-3.256073976822195
20.118044915564568,1.8779376326143424,22.837067934445333,2.5463058528713876,21.89087553000447,-48.17559021354626,44.37015585566522,13.959991489759414,-53.71786625030716,30.954767282544474,21.57432430108255,-3.3620121096025746
20.73964224252904,1.296832417580975,23.095952578474108,2.7870410397698206,21.89803835910642,-47.86652241563091,44.574060469901255,13.551134382591313,-54.389990064033334,32.214848461238255,21.105418555343704,-1.5344321887785954
20.8035246621549,1.6522306814114862,22.516304009231956,2.1798862212539394,21.319946302676662,-48.25554847107452,43.565462975951704,12.869370775199643,-54.86124258491573,32.458484435347025,20.694698117244588,-1.728984515663774
21.802827781228405,1.1115181342833194,22.4452318856287,2.774603977623738,22.056819682885813,-47.34746214254517,44.10624134850125,13.469819687525014,-54.54065943028927,32.078123461993904,20.87956076615691,-0.9337793370652913
20.471279784836575,0.8248449450360782,23.552209451627643,2.3226981555169584,20.615312353035762,-47.48934234686484,43.82983274383935,12.727932022207037,-55.901142884755025,31.63631371886674,19.932010800241564,-1.1728435896608833
20.381809074297365,2.215626828359495,21.930613485434613,3.618009630475597,20.821349638312803,-47.4299609787534,44.07701075900506,12.352518932754737,-54.26030730200938,31.838230869882814,21.073279615585143,-1.9460503350196225
19.75993104433643,1.7082790630232922,22.540523157953597,3.5187453379212217,21.44870386861289,-47.46856844113582,43.24349755921959,12.191692930632161,-55.385711932146556,31.888580449958805,21.167564927701715,-2.3588398511149005
20.098641561602527,1.2798951733175714,22.843096339521793,3.787258895663539,20.142167995598065,-46.85888915172893,42.88960494549538,12.862401062077549,-55.24431315089144,31.21521743332206,20.79022564668221,-1.9356977879135424
19.45371700539907,1.4702736628148276,22.96896397726348,3.1725814906684455,21.40855941439877,-47.062193644879066,43.21464144835041,12.357427105544375,-55.09708646831672,30.769400881342584,20.85771633837372,-1.566338783047125
