-0.9692460700124652,0.20977165575358772,0.11279307303084432,-0.12115714380494387,0.12977960878490313,-0.0416134316516778,2.190795867325925,-2.752920396790144,0.17889648324987856,-0.6392446901237945,0.3960319042947343,0.7887753809091193
-1.2673394183479645,-0.9187594510304604,0.8533444956440355,0.23883161490434526,-0.09786600000620867,0.04394158480785432,1.600073739321581,-1.8947044818698513,0.15411954835658864,-0.26574630488699924,0.08431972219766894,0.3747590797260901
-0.40160259224343087,-0.09911535295249918,-0.6269811993922518,0.3730652637658073,-0.1197386037178976,0.6738074787089706,1.3937693564913518,-1.5544661575497476,0.015493524526935643,0.4236045421701762,0.3536759248147168,0.407767741130472
-1.176571917985634,0.44034394424219736,0.13329402685981467,0.4822752341195607,0.2842556896655498,0.6008407308105705,1.8754413523934077,-1.1499746793640084,0.14646572939275357,-0.7039678475623915,-0.594232959791682,0.7149973561341311
-0.30402915327913893,-1.1106110168751544,-0.22969797810074116,0.9671572890190661,1.1441470727110166,-0.034652541386744395,2.517471227902584,-1.691122444816898,-0.4029635918809295,0.16866997144298412,0.2689922554235294,0.19469004607615004
-0.12767717954141378,-0.4396954250623649,-0.6315013419838474,0.10869009346955683,0.8055287995448033,-0.29720931035572246,1.5426035313035422,-1.788813311271963,0.3783249342385468,0.4527929382439335,0.4426918787826452,0.13242891122793965
-0.811755974107409,-0.6310114472378225,-0.24118519240929487,0.9242664272868263,1.3597490200791809,0.25934092028617894,2.043689731684266,-1.6965285413535167,-0.38561761039211473,0.6771074670360981,-0.09603986451516522,-0.37940998380099134
-0.9334545793401327,0.6873215106156065,-1.6371425466012948,0.6237691468321728,1.6277553788628405,-0.45727207684978904,1.3361396332611322,-1.681207340657418,0.5393872432165882,-0.27057304422758,-0.4336485741913355,1.1105885358157361
-1.1663103756930762,-0.14613481272877904,-0.9212003955646063,1.6657050830012678,0.9116666889219905,-0.07800596602332664,0.9892520825907006,-0.7382202365305095,1.069649789422231,-0.42616792795663044,-1.124009342015602,0.08878791746903493
-1.0952509504633745,0.3189443558348083,0.20038936715769673,1.8061427561310384,0.8961140412806854,0.8649979254132625,0.9405372824591798,-0.18792298036361477,0.094175035829144,-0.23515959583402835,-0.2748657790136225,-0.4407035379000383
-1.466407095140407,0.6982334719871769,-0.1576476646940952,1.5244004526883081,2.073486955978808,0.5395655651551305,-0.3896927151626821,-1.250407047388712,0.5958568376453955,-0.594736885713001,-0.9015177508521649,-0.3880354988289
-2.7195923849309525,-0.6810465685453893,1.4310911356455716,0.5373653349535075,2.6723696082489883,2.4086263757321653,-0.3234733957794061,0.830713252455425,-0.10636745393860622,-0.9483883877636149,-1.0124686369886242,0.8011586224810796
-1.9043862839217824,-0.313886460107926,0.6856245618930911,0.9727269360601598,2.41041272016042,0.9095023687086707,0.11811717795770704,0.1958291830616583,0.04584701189056328,-0.73212758658058,-0.3911490130228293,-0.6168618049054589
-1.2057911638073655,0.0681163680016394,0.6087599420240186,0.3278015656606337,2.4186742400839996,0.7890093650435813,0.1676825234752347,0.004356846765868672,0.6708147610158435,-0.8129057097324819,-1.0160452029992104,-0.8326548464401484
-0.9495608000118761,0.800099176698496,1.0716260425244928,0.7690275744297302,0.9624728038711614,1.0772529631665708,0.2173987928409451,-0.26109468718763174,0.9115457003854998,-0.658673039800113,0.12320842477568626,-1.3602409084594058
-0.8224599720506685,1.1713432911324786,1.0716592219331658,0.2514740122167385,0.522666989499067,0.21128991237279893,0.3938239615102336,-0.09049889278345025,0.86714214633217,-0.425344824999652,-0.43860813636372176,-0.7790806583614722
-1.7697892388691345,0.0661077708054495,1.2628405451113027,1.9707897034203548,-0.23720356214607918,-0.4201546487076123,0.3420742584398876,0.5506273731746805,-0.2667153376008071,-0.46726253776252974,-0.2595367740459459,-0.2180339190579959
-1.4163625897061318,-0.18999919031788934,0.4245335566425081,0.9770741800034903,-0.3822913776648439,0.28989561947158465,1.112273430816936,0.5210584089742576,1.098532136721665,-0.9090066930826518,0.36305556224083246,-1.2203850285013134
-0.8149195326558123,1.899016425480811,0.3017379108863866,1.511093488579782,-0.027465046116040573,0.2551103163575815,2.8033778545591517,-0.4109335537422747,0.7417718824099806,-0.524868370705487,1.0290200886927119,-1.864589066041545
-1.4580493885811934,0.05107020515827921,0.2014640988154537,1.6071711357025649,-1.6016943449509204,-0.6682096819955308,2.5783607089607727,0.3800823169384084,0.8866336850132682,-0.29496216007910914,0.5509607351009175,-1.5683826657304294
