40.46502539994266,85.69011517189006,-68.26599095819864,37.853918336446796,-13.679497975434996,-28.90259295121042,-23.226553695095532,7.171720667473763,-0.11553147399677854,26.713314829486386,1.3687940936554437,23.867383809255333
18.48583495653898,32.4361314296486,-6.681042213023825,-29.429379145040567,-96.59199343981193,-32.55508620404415,15.327219981323697,70.85009239574228,20.861897960987946,34.71767291663838,33.022778330841575,-28.542422135687733
16.08909624193582,7.169670922507084,-9.04991300831046,-25.12802111367895,10.441642113160928,24.211972188440377,43.456380678562795,1.237348295947794,-9.870966959279462,9.743937737044371,48.579374573499734,19.90001391946373
-23.325911265928795,-17.52645130668113,7.4426204307763015,-35.99458239972543,-7.44381529012132,26.61715496006036,38.57285921088539,-70.99126746156465,7.4216614527367835,-5.153107460502212,36.272224712582016,-14.687601480895959
18.466742687670745,-12.44519266384479,-21.72407674929571,-14.142286734731053,36.36243818108242,-13.489104181665224,22.397281530965554,-58.73769339790935,-11.806921310292251,5.812814139763251,9.964032213374393,11.762087607858824
110.88021023687675,-0.7156544995922155,21.682030396457634,-30.380985146098794,17.57814478814731,16.983419209653956,60.33103809684489,73.94783832271328,2.3459567791839553,4.390105801698654,38.304258193016295,67.18374317577401
18.471486295555398,-26.22264731385747,-46.08972108959706,4.643856372367807,13.363107723555181,-1.1871222380616469,22.66993628802884,-8.181964689409519,-45.373169146844596,13.966103974718617,-4.80600492260586,49.47292577940803
-18.646292457365355,-51.938445187611684,5.4274993568028105,-2.106381060667035,9.349293360182955,11.452484555078692,1.008701683939206,3.5128343052317597,-16.94265613121126,43.34235409442443,18.76863028366571,-9.081751177008206
15.381679946294893,-0.6173108932146274,27.49415653238569,-1.0836232141353774,-29.351850817750574,-37.23724457667138,2.2050186152999576,-10.999379498361469,-47.25615481379152,8.976580845320408,43.79877240885285,7.997792294823851
-36.09053572602474,-34.75229992306916,4.924241769285707,54.18298397534781,-32.962812076970124,-12.09741283992494,-21.113302633025903,-65.48404355398004,9.288963952845057,11.530087083250137,11.53097175188172,-1.52485768953792
-1.2227495771004024,-1.6032128287873713,-1.681256208321432,-0.9643036664385859,-0.5169994272843814,-2.147143883833791,-1.115046767101858,0.25509004646626393,0.664181650251654,-0.5771075302097612,-0.6975269040540519,0.7434782803547508
0.2954677996494904,-0.22357991829496893,0.2135660627811165,-0.17695980502383166,0.1453641226340283,-0.19619116919147986,0.18770632039171056,0.313960796253335,0.17283940519990318,0.09756932838564397,0.016746557746887915,-0.27468524992636445
0.15877492249513553,-0.39089277780571346,-0.09714005871904216,0.0019441373828929728,0.10691885709646547,0.5342581318260089,0.36345104769657904,0.21171186317956997,0.06049716220109176,0.640094053145007,-0.5159228055235148,0.5430362441032075
-0.43667212439954395,0.5289148176912548,0.02977721124378345,0.06932619550326061,0.008990103381375472,-0.224553001198775,0.16987495702083524,-0.12448013376638128,0.133793926490866,0.1252917383741322,0.1850489677638583,0.05327279248826819
0.11192528080617906,-0.09720156408464385,-0.3116817996718527,0.1872469480378724,0.03081565730218052,-0.15641317632626203,-0.1937177419255885,0.040649480021614115,0.270040217202341,-0.4692966660325481,0.28034086819556925,0.28043142700190743
0.17078259410532937,0.013547407690237892,-0.1346538854371808,-0.31053346751720556,0.03366420199505307,0.09609885517536362,0.01634315827758004,-0.2831600678909259,-0.15534431124601117,0.07329132955221845,-0.019164855171598882,-0.16629581525333154
-0.6186310348688269,-0.050843996789838905,0.1770604581893094,0.07170133601112988,0.1041377831914327,-0.0782198325003313,0.07331193966719401,-0.15508957209827745,0.4821235101623881,-0.020231700174980306,0.08100522819090078,0.33886695278432033
-0.3591407821824427,0.1318247429046902,0.14208039779806206,0.33398649162272603,-0.4310229154385232,-0.13356826914355058,-0.1320734992042159,0.339981178573051,-0.37045205026132977,-0.1296556559406154,0.25493486262991855,-0.20411874032375277
0.31987145762770625,-0.033315742394412776,-0.2676297310437277,-0.5714130927178451,-0.11472479074354877,-0.17463489582479025,0.15695124536008356,-0.38313922757610297,-0.37323528990691707,-0.15242554976651854,-0.25863715561189515,0.24346304482022796
0.11780326579742509,-0.4576046594380815,-0.008462832934471191,0.11551332895083359,0.06612130797627022,0.6312442379675033,-0.021679223694190793,-0.35328075025252675,-0.5266780876353104,-0.3384315406868004,-0.40129405832098963,0.16506200573215615
-0.12728031750402694,-0.3252044920522535,-0.07951505697524075,0.10310977584885585,0.25731010607646326,0.14590253659457447,0.08579825211027317,-0.04755882710470839,-0.1562303553085626,0.3087868684888132,-0.2627135007727851,0.0462371363234884
-0.07745525478593171,0.08381634049097944,0.0669854313761076,-0.07342415532873497,0.20876286797315063,-0.07001681924681266,0.18982537800982666,-0.0005391127345083374,0.1105343501074933,-0.02947591195533572,0.00024169637502301222,0.18671278288249998
0.0623400350070286,0.24981674856324163,0.048519547917643346,-0.06867446759880581,0.12062927293277742,0.11710960542546707,0.16077274802074265,0.22992951484784507,0.016338490270190804,0.02478026514272927,-0.03127667205495106,0.1653468062139643
-0.1726033006690485,-0.2981588310928825,-0.12088597615411387,-0.13249445285608852,0.05968520527497931,-0.3543490499950483,-0.30758897628318294,-0.2296885453566721,0.13166581716038786,0.4861574685807465,0.2213877866225614,0.27674867135761494
0.06324978779632602,-0.25346463733347385,-0.09711846229675294,0.05008763744231704,0.21469206366246402,-0.008171516007367874,-0.007737581782122416,0.17551307232654326,-0.08800407888863779,0.1311785700247282,0.15976437061248489,0.12015657794266726
0.04885051609189607,-0.007655841563121546,-0.19586856660428376,-0.1422397099168364,-0.3585496573187182,0.24875976851126347,-0.09146360168321008,0.148392522237962,0.012963707290174847,0.18235826643393344,0.17488300226965497,-0.17216465308783896
0.25455150391067016,-0.14794252998766164,-0.05024042473490273,-0.07226049576875271,-0.25975871182875754,-0.10010155077092578,0.26212794985974625,0.01474909639866323,0.7242823440345347,-0.06988880652814891,-0.10572237628172929,0.12232618928553839
-0.26741296643786033,0.14303205346541054,0.16639716015533706,0.14075263238636274,0.18488846690843774,0.14740307904432276,-0.205139113149061,-0.15839635317933498,0.2529209929967071,0.16431751952397217,-0.18208316205362882,-0.005641184452376966
-0.17840048637211967,0.37664652586913316,-0.20385426164238618,-0.1299865117979504,0.28719787734975327,0.39226604188179487,0.49521556420707413,-0.1700241289989996,0.23334638447150588,-0.15874070654461747,-0.026017198383324405,0.2479573206417498
0.32653764393780843,0.0023377876262087247,-0.24352438372494906,-0.4920202646452837,-0.20470198700613806,0.1869515216967952,-0.12883892033971225,-0.030827063976235594,0.1458431816707772,-0.07914899098396598,-0.16931974706995595,-0.12460409383800516
0.0908353611211179,0.06960644112033147,0.05140741176041079,-0.3406387743889961,0.19567026408389127,-0.16920672297406636,-0.21008051470234762,0.26274200798696556,-0.052965061483140036,-0.06257781267395221,0.58770805084126,0.016227420704249595
-0.16312220451093457,-0.11943701650621223,0.006685979580351983,0.01765414437033122,0.1382439277817687,0.22082504309901968,0.1634761146471401,0.10644797549867353,0.34578965832059294,-0.14175323880913582,-0.18142878281907895,0.07102634664663202
-0.0871093092189826,-0.06570483484634956,0.33443505176318566,0.3324627156104407,-0.05479180954791839,-0.008618697007682613,0.21131773975919035,0.031188385891883025,-0.08224762585667542,-0.2108660452428795,-0.15888543232051955,-0.061101045300905356
0.04859360073940561,-0.01736592175549994,-0.025722076594732773,-0.07691099857978889,-0.041520100447239056,-0.06453611920763325,-0.29744797878653745,0.2794070612626789,0.08764953477897967,0.40098085816980933,0.30431267620052715,0.05073909978190437
0.0676414975391656,-0.05910658677198943,-0.3860841393007159,-0.03931811065035509,-0.24616917349261824,-0.2086289066999802,-0.04953748875330996,-0.2430277341293803,0.27654208957296206,-0.6199822246884947,0.24584376908611308,0.03954383663336292
-0.07760808623118838,-0.09022311349959958,-0.0050571728377221264,0.0370590394535707,-0.05950809606047905,0.47553618535305275,0.17296412797825084,0.2261986911458702,0.12405329112856503,-0.14735596791173505,-0.31682984261121566,0.13590916537674852
0.25395699552460244,0.19025487290646134,0.16325598077877632,0.15601946929848837,-0.09241467549535605,-0.19749866110281686,0.047447621755278134,0.07007351747958954,0.08510258434643692,0.05786206710678646,0.12048799605217016,0.2519170398396036
-0.22140759625636064,0.1879541155646669,-0.08936438016655082,-0.16266907550901574,-0.06805192758797994,0.08317368119072946,0.11205285999813033,0.0700042681137257,0.15851058042157637,0.22405136531152006,0.36883494529713257,0.06009246129366797
0.11985672554214778,0.23504911592151032,-0.054557355234800736,0.2782332086076834,0.07790741182368058,-0.16827750155451987,0.4324226801073229,-6.973723314793873e-05,0.28963488914363755,0.3090628345921499,0.24674764623556797,-0.015647751997818725
-0.10923617549257433,-0.5912549212660152,0.29171678822152664,-0.1707267609851156,0.07267734140188505,-0.03571308914455516,-0.3411771231317738,0.1309396033186377,-0.17379091088677368,-0.21824763584447338,0.05305338653906849,-0.2606659787025805
-0.050643401520733086,0.17159962483941454,0.4826936481964494,-0.048797970399414706,-0.20607033159803034,0.025667548742399994,-0.23445853907828945,-0.6141925024024212,0.24966511618740728,-0.49015362007496677,-0.07255036574781165,-0.21875584690018565
0.4363034087564078,-0.012415399618545847,-0.007271164597518115,0.3305426856415929,-0.09160931625572813,0.11045031414034716,-0.08739137106627057,-0.21850914617358377,0.20756509817950763,0.19680410006267401,-0.066889408945179,0.20235912795269814
0.23988591507855805,-0.02507318377768923,0.3071178276454501,0.19030742161020828,0.12281710816663143,-0.43573966096123395,-0.2570519733581513,0.004502995708412311,0.029051195721760695,-0.25949636242311636,0.17472046511789005,-0.3643845818864046
-0.17822666048588845,0.05742260036005624,0.26262295760230303,-0.18611722083600787,0.039432785242468515,0.23123636288677704,-0.07606944393701465,0.0570532961616201,-0.6672742826960272,0.10839504346703965,-0.19848352947780493,-0.19375260157326946
0.23733189428048979,0.0665455536355263,0.16254602592438067,0.0796059386101812,-0.11776269706274403,-0.33836214199061376,0.055595561069820054,-0.10904159709433836,0.1906696619883117,0.06305031623812185,-0.06432816520138687,-0.04658521670681682
-0.3483226279063645,0.1509465934752658,-0.08303403259722711,-0.19292117582992543,0.1677296686159459,-0.17058940043147602,-0.012286768746373251,-0.12953715709566752,0.055443057091333736,0.10594571017875565,-0.051993259788146756,-0.13033806479199814
0.21608715214236268,0.3867298899446494,-0.15530167277274182,0.18207717777836954,0.056940683278502116,-0.14529040642672877,0.33657083018754064,-0.03339182878051615,-0.39458865810308164,-0.07102448295876948,0.13216289791850064,0.22996470073082947
0.021179406410445932,-0.034409858093871405,0.048977885169088645,0.10171166935787951,0.09342130515358023,-0.2528880289879827,0.18228419144916,-0.030265568643388776,0.22121601943230398,-0.025068499412207512,0.21035997688937202,-0.15520901104538426
-0.05370964551909364,0.06736917463042898,-0.0812919292683888,-0.1613857844140283,-0.06681875244220589,0.016998435320263808,0.3293770242627355,-0.03123885611924679,0.1834835149960755,0.16266187299760726,0.2031520553994691,0.003099385707331273
0.21383795773620146,-0.523929180117281,0.4813210050074632,0.34610504615418336,0.016845616064928015,-0.15773875457007588,0.1257153052073292,0.02922598409169222,-0.45106652342481074,0.08798061912022054,-0.1182192216985889,0.18612593215090162
