0.19662559526950793,1.8020735510887125,-1.3849894863107275,0.8645108158406439,-1.4605455013980861,0.32721879144350885,1.5895774447137831,1.6355608806714383,-0.44039336257083617,2.7791672012816426,0.7572741566392827,-0.23421045561795018
-0.35387383038871434,-0.6857898236377129,-0.7439559243902598,1.818883488597956,0.0891700175279463,-0.44531414397405966,1.2129773721138908,0.8167905640452368,-1.6892115904553937,-0.08357828882023466,0.5742357658311277,-1.3094825392667395
0.0849873953177482,1.6221090315726725,0.5851851118348335,1.551955615084101,0.8338218511780252,-0.03026261516769913,0.8016844464798563,0.06961924126140434,-1.3996897992112052,-0.6397834074710634,0.33944385273322325,3.1447075725710874
2.439326945942963,-0.5260086532486017,-0.7856204871411383,-1.2752857185860902,0.5230719571976711,0.42759986251492393,-0.3436574720063267,-0.8236198864046639,0.6722172572474047,0.055322612247651046,0.25367522962711175,-0.18948628088541938
-1.2353730750800287,-1.8718471461764394,-0.8806115614135088,0.0753358559412498,0.19143664622711892,-0.5010468198855218,1.61520167194066,0.9348847640651682,-0.9420197148457827,0.13460375576402764,1.8345933778225825,1.962769449157783
-0.17273229928443287,-1.7091293590212155,-1.9870282547544096,-0.8457177124383776,0.010413076922654502,-0.2710157852094115,0.3624427331589978,2.9696852800686853,1.3604832840332581,-1.8513777885999831,-1.2769192424369187,1.2867050570077854
0.8836984902508371,1.1178952634538337,-1.2696413572320162,-1.0253980565737175,-0.6999361322678452,-1.2297125090594516,0.8158558790658286,-1.5494206567295012,0.8220295791057622,-0.7946148717581958,0.6442911012091014,-2.7229032592827584
1.1262191642336057,-3.732455824244977,1.6732156436912606,0.5630511655000846,-2.665396946505848,-1.1748363074588553,2.834579364164546,-0.6015232117911004,1.1359992279109308,2.3820204518340464,0.49498975330513034,0.0410004706106027
-0.4116438204021854,0.8586530344004438,0.6257046291756542,-0.2866055713698635,-0.011790538578572235,2.4569272993524462,-2.1954354635026316,-0.06970351388767573,2.977381808766813,-2.247865682764646,0.16747116602596743,2.3447461556239984
0.8742816908779064,-1.0432097816419,-1.2102397915257725,-1.0236745990257234,1.5618982614714603,-1.333770713304942,-0.09417645524766412,-0.4710641479007664,1.4658886549317822,0.03751479621302558,2.3873585936666597,-0.5436719470934793
-0.9034890119649582,-0.567389814089296,-2.114152685669283,-1.2051258985506001,0.7069768386360685,-0.7035259328013435,0.7459545784354568,-1.9539134281443913,-1.2616082177745653,-1.7845288534505184,0.5443519674867426,-2.398811622554482
0.48788006928625205,-1.4678329502190242,-0.9645173586295465,0.13928497600075349,0.5069863295868551,-0.5117894836647483,1.508651501699097,4.393146524833019,-0.5507610548399606,-1.3239357417789914,-1.007866066177881,-1.5899763880086806
-2.56763821657051,-0.4498504707780409,-0.9196902352187195,0.6095659295194902,-0.26978779056054875,0.21281111506037434,1.3110604815078257,-1.5661268927600402,-0.5930990923761059,1.4150919736680034,0.049433740482264975,2.146456223157529
-1.5153807271400144,-1.2240918749707845,1.9715265383617162,0.7543275575579207,-1.2776937587999555,-0.3094076053031136,0.9036679815141956,0.5360692865006876,-0.2947570213935884,0.11010123534229725,1.0000408762158446,-1.155350178793103
-0.06195527223142297,1.2501916456447157,-0.1387062086003182,0.733245695955602,1.1158094181034288,1.1198589938005574,-1.1683967295456326,0.1947130271313948,0.6882275306281388,1.9180968559582556,0.10040854030573587,0.6785904586281456
-0.13267170401737952,-1.5440652221962123,0.5110982233695794,-0.6664581576502252,0.6969788863205486,1.6970218601948068,-1.7987883627455972,1.2182767103455818,0.9869395202646255,-1.9942636160878167,1.2516887863650452,-2.9730431417368988
1.4530789730090805,0.05928158763927796,-1.9679646506949742,-1.590762244917565,0.4274612588843024,1.1388504535007824,1.0755850364410289,1.092998183941583,0.3796084675982751,-1.8726039719357797,-0.4566494084822952,-1.3092608218180721
-1.7821661435108744,1.4012033073827388,0.6143514222231667,-0.6744115484530648,0.6888765339322045,0.9509495299465421,0.7118086911689168,-1.1917283647566779,1.0751457299411775,-1.7263924797909034,1.1969655265360695,0.3548471941128437
-1.0159017206981142,-0.35459930565700737,-0.07724045794274337,-0.7411147219961174,0.4173727185911263,0.40238818120258874,0.4979640851291471,-1.2467477364362962,0.020194195319150995,-1.0818899768424002,-1.5060268185064438,-0.3287671789477328
-0.8312945033422211,2.215736527348927,0.1007787391430466,-1.170225302455199,1.348446256672364,2.1042955693089387,0.5319800250483997,-2.7746184067262076,0.561709011127132,2.9792605683120046,-0.020978865889306857,0.9299872616977413
