-3.5320647292861524,1.0185194902929051,-1.695174806000846,-0.7338720477473142,3.3757056796936973,0.7369928975603605,2.4331482062072536,-0.008108951163124892,1.3995701157904634,1.7474389078134551,-1.0712383609098295,2.7458126100965314
1.4595804111344917,1.2982277887626752,2.180916429447771,1.54543445461123,0.18038615961033547,0.6258529562635033,-0.9063995055149143,1.6382835732241006,-2.952102897964046,-0.22726597210076052,-1.464094041703923,0.1895170213492332
1.7879889740297774,-1.0945168731043837,-1.918964490587991,1.291917818652348,1.5428445887730247,1.0881462457223638,-2.171142662061338,1.4756368379859648,-0.5013182202311731,-0.24605850827421558,0.33358151602773034,0.3827011838740291
0.5724990188530499,0.44403545536824185,0.3886682584276183,1.1738185653459572,0.6260308758682913,0.7566613274745385,-2.1395453137569613,3.345939950396233,-0.7531049108712521,-1.8376973689503169,0.6160422529243417,0.083543115112297
0.803816922260519,-0.522212920702158,1.76613554371229,-3.2472033395750444,1.0659852541396664,-1.6410174592991524,-0.2404759733850036,-0.01996655951935622,0.972432121205395,0.23419973846711034,-0.6293087474003239,-0.1420437395821309
0.9051771943503363,1.7961753223551136,-1.5704494099092654,0.9254324399664235,-3.008355437853394,-0.9797670863645179,-1.32556551316926,1.0349433980120526,0.4046701922200151,2.3350542493905078,2.3032619425996117,-1.2460979438147641
-0.017407484182280497,0.08476299459784914,1.085193129872966,-0.522175250358168,-1.4272128377268862,-0.1634250422253395,0.4158430888611772,0.9626139931436175,-0.4109441949867465,-0.920222013935784,-2.518497875641363,-0.39504843571921505
0.49163092865950797,0.5521241703747551,0.38903619578375315,-0.8005860773328466,-0.3242603338818882,-0.19614593959327564,0.45758075738255943,0.9038007225140262,0.14113955717945148,4.002861598886307,0.9665431572889706,0.7350111458447607
-0.2782789705702091,0.09577300564864394,0.5892527569105335,-1.5961107894225022,-1.5649511109839453,-0.5450714186742482,-2.737989149292842,0.45918250798190197,-0.0020158476374403517,0.05545257215772467,2.115408215045236,-0.858535917557751
0.11991515367558325,0.8724786082251692,-0.12545138174514042,1.5989646415281706,1.008069701917898,1.0300633577476335,0.7091542615071363,0.2795986192108309,0.6448091589048726,-2.1428017807649034,1.1392810818085213,-0.7554144742183774
0.20772584617753026,0.8117082010951949,0.9246029719885576,-0.13483048426922398,-0.43536305918121776,-1.838553557106972,-0.5262223830045688,0.7312539021608433,-1.1167823775273944,-0.44570616229454035,0.17367481407438667,0.8808457665097171
-0.7291333069885682,0.008337401408466227,0.972878504542157,-0.6452466403916688,-0.008740846075198122,2.102141583442343,0.2255292625054114,1.6480561904514572,1.0181890060373338,0.2444833302175219,0.2994952359269436,-1.2120217758603231
-0.6871574796120371,0.2539034920342259,0.8399958812233308,-0.6457070075349478,-0.16548457562712937,0.19305002696969745,2.1389490884763247,-0.6211323083815083,-1.6107247879691902,0.8871600210325498,0.6304828816482546,-0.7566305222483938
0.15744766656539966,1.4093157004656307,1.0640972764678278,0.6586038489826618,0.8455277834933685,0.29950244834371414,-0.596479017092733,-0.27017334614477767,0.5148714729671693,0.2681272283381342,-0.41619945115782975,-0.22212009998290838
0.6519673450262042,1.1329375215802904,0.1273237436907927,-0.5789491920397265,0.3685700582911255,-1.0141404299454497,-0.7449086062053916,-0.51671267351255,0.9250155667072038,0.8629788816049051,0.10962582622129424,0.9537144134761398
-0.08627523884422314,0.4190067283310429,-0.5213290198780235,0.45489850099518536,0.8423422746486737,-0.14556878351409958,0.5700149388167708,-1.6096515425378026,0.777230266227765,0.47703377489230564,0.26636500352964676,0.14730373583455733
-0.8025084903689685,-0.8478544079068889,-1.1351913732603227,-0.3791741086357864,0.38064763877548313,-0.2048104628893293,-1.8478391044568356,-0.8256368266997755,-1.7122033441055937,-0.2588450749123899,-1.70948079299591,-1.1787663460701832
-0.1941160730018635,-0.01846821562176998,0.6835095512270712,-0.20907227751453944,-0.5568078101444416,-1.190374863446821,0.048903596044856945,-1.1664581770494196,0.3279475878261534,0.28759001773679205,-0.8418047208500695,-0.6869077032671843
0.07718412843671628,0.7852642900926892,-0.49482733658842265,0.06782327427903241,-0.05993919518236944,-0.9264459488618662,0.36712030224439207,0.6730149591409884,1.0738482825551516,-0.7209549421203016,-0.507704925875863,0.42043725138270394
0.4489608894009944,-0.04171453136937431,0.13344747593068795,-0.044530052480263344,-0.4999893255103604,0.6275918083771571,-0.8381889220951232,-0.4540691720366897,0.10607994156327816,0.9250977411300911,0.1364579908905319,-0.6424225067511535
