-0.7619185715666958,-1.8742894520401927,-2.325795320655508,-1.9938947358530994,-1.6396721112587025,0.5778976525885365,-0.021079906656725343,0.12066938481572136,-1.4188112982109702,-1.1561409811026127,-0.5221431162266148,1.5061396093851636
1.634418132064956,-2.4748540143980575,0.882663713797593,-0.5951815825576534,-2.071005926525504,1.4547117228982616,-0.9795998967590822,-1.2051761637380949,-1.3800432690019908,-0.7594653898305619,-0.10207797119277864,-0.5385329169651385
-2.065823330145367,0.3591326953064182,0.7644854106058403,0.18188617736543644,-1.1201716479250516,-0.4460875181731884,1.6259965002578296,-1.8992591127725944,0.5927845435925853,1.5196138977888756,-0.05520950930791396,1.4557466746710213
0.001991536092147639,0.40465482894663274,-2.9690200731766856,-1.2339842203477627,1.3843833060074084,0.1793341769364693,-0.37214359351286913,0.9944647065154961,0.1445746986062415,-0.5106770328637008,-0.3552897313702852,-1.3008757611006414
0.6053101092248344,-0.7992260441794266,-0.6330533611970379,-0.9766275356582346,0.2036149667271635,0.22480406835263425,-0.9280055160293063,2.412371556779699,0.6251087908505876,1.3072584055888128,0.45012005667200605,-1.1405451642745552
-1.2199955146897739,-0.38263932937672596,-0.5502579629950032,-0.049910298471576464,-0.7527265061735267,-0.578891525786035,0.19504968512700477,-0.9971307458985745,0.40306132496571345,-1.751681711202882,-0.4453914984149153,-0.09929504010181422
0.23858599277682607,-0.32715172182958435,-0.9393787712405613,0.03218021202153404,-0.3189315445109249,-0.5315446194405131,0.1373518918027159,-1.167183939626887,-1.3599808259320574,0.3763685815910214,0.5982173178214338,1.0327886360411074
-0.46834122860727023,1.0590905354843174,-0.5012174323286115,0.2365662698238155,2.198398272145927,0.15260221693307613,0.05491938439812616,0.21837158249024757,-0.9424715949268998,-1.4381529853289172,-0.9453756396714077,0.48454058189700244
-0.9098047570293339,0.4894735380587353,0.6273809199313956,0.2816882828458923,-0.4857220685141876,0.39716237001985294,-0.37719928934865465,-0.6129207311940827,0.3986041696693088,-0.010991356463496027,0.040633103107648394,-0.616890893668497
-0.7146676388394809,-0.8624725481234884,1.2615202391267848,0.6931091822952731,-1.1389787766222976,0.13922917215068986,-0.5515090850976464,0.051079414889839234,-0.2080543158799688,0.3743276352090367,0.6733132787679681,0.2920787058687098
0.3859596262934705,1.1193989515694944,0.21218198018819046,-0.14517028282341948,0.37365691876209595,0.04344380011875182,0.45355294879115426,-0.9078739458629925,-0.750925256090879,-0.2594451659410947,0.1647536151033467,0.11857356028237037
0.09862909341905657,-0.40837236544846134,0.2055754726882551,-0.8040016210219579,1.2137122564544705,0.5137929466938637,-0.4835098633715972,0.6765921999601437,-0.050440726349077515,1.0226264535825091,0.25874454240423395,-0.35855011928925545
-0.08318773808613461,-1.3637737227126372,-0.7601246387996008,0.3355787530782882,0.3890158768864038,0.24188910393633986,0.39164771170552476,0.6961863619367606,-0.4586329608564245,-0.7645370235175895,-1.0354681575617974,-0.029701214494731426
-0.8833176004292029,-0.5958631816851282,1.2761561954298057,1.3538429155264553,0.08667579148555826,-0.15433329009133112,-0.21271010158720163,-0.9939865576152656,0.5386933428544062,-1.124408822818587,-0.07127601525242239,-0.8316487764515593
0.4012102806983766,-1.1624793477163862,0.3679406718903628,0.08179020824532768,-0.6858407208321697,0.18772000445318326,-0.8564637760869697,0.07961840618224819,0.3340219945508812,-0.0377609841236512,0.9920043196941087,0.9363489898981281
0.5977041660014992,0.2671853503144357,-0.19762461146250887,0.7180915882822572,-0.34816611678652115,-0.643053666855752,-0.461161227482744,-0.5314593111223325,0.08794981020376741,-0.06578757530556611,-0.2038747353138271,-0.6189022175886544
-0.6851585209534813,-0.06348461052093665,-0.4717343638706502,0.11064543036298606,-0.5700759912570874,0.007332476554134992,0.33674476057743624,-0.3903125617730021,-0.10756797241727842,0.2905987251029635,0.685630657016811,0.7307335136448998
-0.8339549550181782,0.5628298868778805,-0.834047228855193,-0.02861946461317648,-0.3490087373218553,-1.2476477225762,0.3200697854538289,-1.3455237539360247,-1.506653280164982,0.9082125034295043,-0.7483779316898131,-1.5047881266048333
0.42729346340611296,-0.31068209619053827,-0.635110983497976,-0.16537290693080936,0.3233053146872565,-0.2975721550681282,0.4106533595341175,0.6759268895198396,-0.19543117901638613,-0.6053444410035018,0.010871268428948736,-0.07082713466676516
0.42117805184241014,0.268734194324317,0.0034976278499331825,0.031426424286317256,-0.22609790320788425,-0.16919115463899873,0.1542553555188657,-0.34116821842489486,-0.5285971338656155,0.44944737375612953,0.05647081438707477,0.11088582114408421
