-0.14760451433998972,0.9314362411459335,-0.16265690265339738,-0.2945397508890436,-0.9255558945362562,1.4027847227531833,0.4513725689252833,0.5813869323677484,2.1082452824393063,-0.1337161108412589,-0.5615170707346004,-1.9617156719599829
0.4020270820769458,0.2279742966131984,-2.6523751772015363,-1.5180604276616267,0.629726781720139,3.488086620027709,-3.2422974927954815,-2.2904986725875744,-2.5755058362877077,0.8842052108967277,-0.1057271992986632,1.3171114307164167
-0.7961347667637582,-2.307444805676358,-0.9913011122315653,-0.7928332405044337,-0.16901624498559234,1.1986794631024724,-1.5839680452550193,0.6012471202349146,0.49604247887721276,0.7668971002397755,-1.4476028564754213,-0.4438324774918426
2.1301161426802118,-0.24666658694457266,0.5234570411694466,-0.3033485679377063,-2.190219774029492,0.5018087223271193,1.0896854373036184,-0.8786865001892558,-1.2508326418360416,-0.2308207328582881,1.4045081273663287,2.1104918372893717
1.8774231408938666,-0.33683687256678746,0.9061587679449963,-1.9743968458589596,1.0612189067357858,-0.9343350086588698,0.026784147090489683,0.40897860697262617,0.2173857702111991,0.6132517284111336,-1.1091170848464351,1.7836860282081513
0.11493683284558065,0.7245087932369,2.2445708464703262,-0.8865694593378131,1.7324709494463018,-2.8832448934195902,-1.210167647342973,-1.2248070780798228,-1.2168848831703563,0.23805292845030307,1.7492116580309696,1.0254743231115515
-0.22374808480964076,-0.10145521302826366,-2.5177247205590363,3.1360177157199356,-1.4438953334617624,-3.384790465056614,1.0696647931241259,0.6117434839974922,-2.7761907253014186,-0.3395276852094897,0.5527738921270574,0.0683778255806421
-1.2846232707801852,-0.2812557004475816,-1.0162629020707268,-0.960174102805482,1.4832665007452326,-0.07390031335673403,0.3952328902777579,0.7709647614880512,-0.21906311458030622,1.6693508746064172,3.0095978278035878,-1.1613418855180724
1.054791898257244,-1.5052427309717111,-0.1377906105860942,-0.15374463034731467,-0.25390473383446216,1.4570679058527345,-0.3555082408838684,-0.5382354280938453,0.47717379359188944,0.008728810641454032,1.1975673381276182,-1.1587793396526684
0.3630900259346139,0.9509402346435676,-0.36444526284081935,1.0406436051035932,-1.2206082303415866,-0.7607877378875019,-2.175248807733698,0.005946648280315436,-0.629904492454416,-0.037656882614503895,1.7690967337942922,-1.6645592363449215
-1.1097789006423269,-0.5503031488692534,0.3906151381900726,-0.9808659298674219,1.1608886890678813,0.5995861872474996,-0.49927273164904196,-0.8461644787528059,0.5703224898608028,0.6937742961800313,-0.8559489793756179,1.8557357785414985
1.144122729431259,-0.18750587228132812,-1.5810826660309925,-1.103962080878156,-1.0698342716831268,-0.29835075293466345,0.1362680808734084,-0.6713203966385611,-0.7648073264550402,0.13718668954872587,-0.9763749279443001,-1.5423513794735124
-0.17724272783038852,1.00815119007975,1.98282418888739,0.7223213807343049,0.31247893486043654,0.5919807730253148,0.43201697368000735,0.4299298082810796,-0.5747391430573893,0.8617165789387187,-0.4601424140734719,-0.2815554397681832
0.09359086343535739,0.9958610391997864,1.0573941614060829,-1.0548733169527242,-0.7316823039168552,0.7609935551698285,1.274928527307155,-0.06322312685837819,0.2907210656517897,0.597047626913534,-0.8217849376589952,0.1414313293748945
0.10763558350891034,0.0047082890135234645,0.4333630161216717,0.6776925678064087,-0.6336205052729342,-0.8030001017480123,-0.07096801876504649,-0.17435571492437058,-0.8320773199928795,-0.019128111450367302,0.36514619377834073,-0.35854639759849516
0.26771225655990993,0.18153233929884832,-0.48808211092048603,0.21532436800752572,0.1004559921424209,-0.08186454514963959,-0.8312295976621198,-0.157767093698022,1.2226160176147325,0.21338984873038705,0.08950456534531542,-0.2801231926377909
-1.1536096137086358,0.13727262985937722,0.5868155179176981,0.4863927642457886,-0.58935192803153,-0.1586619011090743,-1.1045269260134638,-0.13322725095800422,-1.924864603078007,-0.6887350506400193,-1.163727065730689,-1.1705153875395393
-0.26662590048386287,-0.3848144484722452,0.7805725142323606,-1.5668810446037837,0.14250957547766618,-0.21136360997424164,-0.8645853407586261,-0.6107994150086804,0.2754253457083163,-0.37691423419017234,-0.003774959370999531,-0.18611339096669777
-0.26075190204120824,0.7118830351927321,-0.3926321376357159,-0.4499873592782231,-0.1285121072889202,-0.20062870181431514,0.7343971430619054,-0.2660565065541982,0.4169079384235298,1.6424712796396232,0.28255656900749,-0.1355882346778582
0.39874997612355845,-0.4839452940778278,-0.22431143094959238,0.3307486942804082,1.0810785818034534,-0.8797562843577725,0.20323625739726248,-0.5754917699802213,0.9883894465629175,0.12525714436248453,1.660325116802618,0.8006049952898917
