2.001184247847691,1.8242288552722035,-0.9585996043472864,-1.7307519007397867,-0.7016107942335296,0.8010747257108142,0.11953802082561418,-0.45199880009048843,-2.2130568320426893,-0.5673129113591491,-3.431869240119073,-0.1459803081980817
-0.3769663540340342,0.14851966015224238,1.5540120470744523,-1.247226705216815,-0.5333676620031458,-2.097610972152384,-0.1757866459241868,0.46599541170161785,0.4238654119600641,-0.6425811180727203,0.3008263544928525,1.281790826498501
2.1261347804510415,-0.009388684673073633,0.09297758355568478,-0.7864700833376612,-0.8284588297779818,-2.103802288028778,-1.1362386502061042,-0.6086528042297374,-0.6871071972212084,0.01592189701883509,0.7981040998538123,0.15609829555334404
0.29174521039915596,-1.1141166920767938,0.8389729633207612,-1.5294069419417127,0.04066737485231253,0.45092155300445985,0.051490115557973115,0.15279228788104843,-0.1294046524123892,-1.1170162186340729,0.9594731137553194,0.6516038407878668
-0.2681810976751585,-0.8896164558539528,1.2422803986226665,-0.013782777721967315,-2.3117977260796447,0.8058493715115098,-0.25103992537938036,0.3815026776796262,1.0417825167174009,0.7766644106419165,0.700591229575103,0.28300719859249707
-0.08317807233594265,-0.44724502149968276,0.27576193728317855,-0.47441113862411877,0.2731262516777059,0.2624201229206491,0.37602713516918496,0.34856363343134755,0.8049276732139414,0.20068511863183472,0.2700501783894139,1.7435695538399585
0.14176609140942997,0.3360890802478241,0.14476695471045598,0.6311474936399477,-1.135702524428208,-0.37606542443080115,0.4746464366785281,-0.3129862982007172,0.3374661831613423,-0.10241866195905902,-0.017947876370750154,-0.21089243609146663
-0.04723439202848845,0.4346297838504797,0.7909680148460958,0.3711836882923792,0.09584573349417834,0.2033350470549634,0.9296323388491465,0.11960753321091434,0.27050720360473934,0.9030538378209777,-0.10567920797935015,1.2440770925863762
-0.479840652952789,-0.6111684449132622,0.8923163246144236,0.7869520340368372,0.05854816279585326,0.08798253706374043,-0.4082167214835772,-0.8031045228108556,0.13862946492668363,-0.4957889021667441,0.6332694205904847,-0.14026293449177674
-0.3909423713461167,-0.09602771317779485,0.05936503856369796,0.11418253753317799,-0.6419067639145164,0.7555103104553037,0.4859914109572772,-0.4096503282754747,0.6840701185975745,0.34289142868074757,0.772902055942131,-0.07329597688121536
-0.7810255993880599,-0.34958524022149073,0.1923336674250457,-0.03008404083499122,0.617917027787541,-0.286079944208819,-0.4155220472644246,-0.80429641264532,0.3027525883507973,0.17116565186082694,0.9901687761287299,0.37201666917124493
0.20947107835931314,-0.7010417064477027,0.6003118762961716,-0.08494770076161748,-0.4305461905489719,0.2774996376899848,-0.40841819237462873,-0.01401786270739816,0.001834906236214684,0.689627226829398,0.31776538984141667,0.5192026755151689
0.6860184805914733,0.033618814251023754,-0.6299584062833461,0.747527351613346,0.224901502097994,-0.9497967824253373,0.546745348850706,0.6182844674797174,0.5376458025146008,0.35413156003608187,0.5899096398668597,0.3912405869200556
0.2658192832445332,-0.3282176332084702,-0.17650761101426266,-0.152697748134131,-0.09097794505110428,-0.38736225571639415,0.20565366269737217,0.1589688155500967,-0.5466413277719813,-0.02557470536022724,-0.25849641138801605,-0.7887589963501048
-0.11476801116752518,0.057513143044998674,-0.10629673392125491,0.4045914034521874,-0.17310414641773486,0.08210199062746265,0.19780492393933813,0.22551671134800433,0.16209703129230457,0.0162168172353211,-0.4542682917821999,-0.19090689900206345
-0.2704121617425702,-0.24930730627947767,-0.01464020618320501,0.1300548896127019,0.5676134387605838,0.1663893487973419,0.21731271508003808,-0.22608398434231783,0.3986786341653551,-0.5011976291846325,0.9952620783474512,0.015296330394293178
0.0011402019502070454,0.030368837041675006,0.37508005520229043,-0.6396630134247715,-0.2464754123426122,0.3522293394281991,0.021408205647754794,-0.6565466345171225,-0.8307138600475797,-0.3221873031444206,-0.8927925742115813,0.1979531046957136
-0.2963252074315714,-0.5362582108701488,0.3506824422516556,-0.6985607600841892,0.309023618412473,-0.40545930797265495,0.5316750944628347,0.04031461666636489,-0.3069560823459717,0.059826382743205155,-0.17972315804359917,-0.4177664697161273
-0.3035837525633428,0.12550335593259737,0.1809387108931399,-0.2519991590299243,-0.45462518994493023,0.0550589825154941,0.05042883267240485,-0.1858535574110151,0.03893063925442112,-0.018599005461234767,0.5296196169576228,-0.4493417922834809
0.0182504284800573,-0.4725812779300886,-0.12748565986482027,-0.09210532453134185,0.008567774810101736,-0.4245891271955831,0.05208306900059085,0.11629767124069582,0.5148684136279982,-0.200047473027463,0.4796730288727067,-0.35247250636319855
