-1.1476287011925748,-0.267313217038017,0.8216640969287372,0.25020941430048976,1.291002326496563,1.2055930375047912,-3.300931825651749,-1.2259764939648212,1.1597045611902257,3.951736240521465,-1.561095888203164,-0.13112027029813134
0.0009838740663037637,1.667219487158366,-5.0522162778672515,-1.18808232177788,0.19914196604905543,0.5177168803322005,-0.7218007090279471,-0.2959418256263924,0.757971831812362,-1.0750144480512616,1.4572796754046795,-4.697718212715343
-1.4311433438938834,1.1980513609400179,1.0249212747754592,0.11633509034002062,2.4753468050957053,-0.852281944328013,-0.7764608015891772,-0.9695233253293103,1.5853651849831174,-0.8528804239938834,-0.27938966986837516,0.3477679492714095
-0.30389533472691954,-0.3083876591722756,2.201936902824944,0.5863832818736708,-0.5200136723189913,0.4304017034316115,0.5855701850240196,-1.2009566320739358,-1.0195146352862445,0.2153260066608202,1.076103617511832,0.3799112769772856
1.216985543631247,1.170341164027595,-1.5986889300932945,1.1815359521016056,2.212922788381902,-0.6305028446046379,1.4829819737891496,1.2667576606173547,-0.33774472730675803,-0.8335187751298456,0.42468378445554394,-2.497655720838464
-1.278746427062534,1.8462744485166906,0.5715620780149726,-1.5049676066799407,0.9464874637651619,0.18635224218490176,0.3524942280264617,-0.13072119907322577,-0.5177169561541605,0.3481930383861337,-0.5353135577734848,1.27249771710376
-0.26179993986128375,1.6278476215918134,0.1180765268949523,-0.36288794885662184,-0.4189629777924353,0.39279181946223685,0.7131242048077062,0.5881463674789166,-0.5920578210025953,-0.3355546622554748,0.4619068049928191,-0.735994987665003
0.7510929354927756,0.8643342817743278,-0.18566948391609395,0.616103580673143,0.7447352417861273,0.2062983299649839,0.7907307537666957,0.5326333163753687,-0.03852199176564719,0.13369675269003134,-0.7009647004845131,-1.0875282969313658
-0.4046474954884955,0.2037271542141264,-0.17029528320725393,-0.2793918654112062,0.668003189727658,-0.8890092224052016,-0.38527449865143354,0.02229008349475539,-0.4669724804403282,-0.010699484300449202,0.8824582521104631,1.083923386080703
-0.4590918691687582,-0.6042491715042946,-0.5519824204151434,0.21572422775313319,-0.14974555612681306,0.6140198209559208,0.4245260981664749,1.1979965436383537,-0.6795836101636491,-0.4746933675485676,0.5667114100634946,-0.7858789584698062
0.8604604906885898,0.04951411793207383,-0.5524009298661678,0.7405290189781002,-0.003597504737089755,-0.19502112506385177,0.90630676690716,-0.03542796099441217,0.10020758668902324,-0.648605676170541,-0.2332077763142604,-0.4377957725334343
0.5748385627826909,0.7766630696757761,-0.04626657252855787,-0.17746846977135952,0.2305694147850476,1.1103911152324826,0.3120012290983042,-0.04983476195101613,-0.4450448810772081,-0.5611959985210649,-0.1088592368322369,0.39189311965813006
-0.14627377147756362,0.30857471871688236,-0.6053304660462727,1.0051564170295486,-0.09760734400759064,-0.5341539794334785,0.38414317606574405,0.6470558997815481,-0.7529030729238659,-0.7736544787474383,-0.5555996151228979,-0.2761369950214926
-0.13040159153191766,-0.244607885610056,-0.5909786636956302,0.006427403708216761,-0.1262678289851874,0.6322011709925578,0.366030300464699,0.807755678313589,-0.03349430872495662,-0.28822570931051483,0.1964545247697126,-0.15464525318507585
0.1742850153325141,0.392505858815968,0.4180330451589054,-0.39571809505399413,0.40745225617991315,0.3987857949216004,0.2050882381500388,0.52552965410423,0.34041692913185273,0.14590282203275678,-0.1811072250016965,-0.2385655452480056
-0.4669422766441554,0.28747089303369,0.03591708704346733,0.816721706157074,0.18021379992712802,0.15863445053613662,0.3624266386574285,1.0390385716684856,-0.14519464255607062,-0.8457937495996366,-0.3012813949394388,-0.07550225210700623
-0.12458776394870784,0.10197881244727905,-0.02176420807947635,-0.0337770292707667,0.5108860055965068,-0.5656878414471267,0.03540117492758882,0.15937529872522627,-1.171690052089756,-0.4758814283308539,0.4988860766999277,-0.2174263195086654
-0.33869943372631706,0.06708549873891034,-0.5330340395621517,-0.03574576636986082,-0.27274634519366486,-0.8584607230315899,0.8220624591353572,-0.1108964516978947,0.04577100489884217,-0.6746709805382867,0.3082624978268665,0.19135520508766726
0.13141337994012225,-0.11282388657789205,-0.47236120609658605,0.18485908222934744,0.9189943280538233,-0.57519969781505,-0.1141813130369499,0.48119626306720575,-0.22828181670870806,-0.4871106728648482,0.10123064765533209,0.19999465226674037
0.5292652618318306,0.6001303351843443,-0.8264659990315608,-0.01241424581728387,-0.3940771399753554,0.21008946573606552,0.11124596278920448,0.0809689496872455,-0.9372191613783338,0.25868489919357557,0.35420946960020505,-0.3317252500832297
-0.18187861297932084,0.046604961959743424,0.16322775488613367,0.08491890047474641,-0.31545954374855223,-0.6542379882334745,0.46250640603686183,0.29260731883393415,-0.18613743140843203,-0.36836617375935243,0.1711531195751792,0.09159022005262904
-0.0976487489719745,0.4508774952638147,-0.36013109084264316,0.5287721420741712,-0.19352878152088882,0.22676311621334883,-0.14141587980929002,0.5475380406930217,-0.5083979508810922,-0.2510115341663371,-0.5805985656566435,-0.6148243167486404
-0.2513996855723073,0.09818377154939259,-0.3284433200423446,0.621676211444508,-0.5333867150773786,-0.7782524765179601,0.6493636663491499,0.03806362015154413,-0.3941971942727843,-0.18111911541238784,-0.22911933623366335,0.061655409574211506
0.020816421960470913,0.39974529553106053,0.4751341448554071,0.7132706694008767,-0.1890062136354714,-0.20675838728042178,-0.28487188021297416,0.6092762992155447,-0.5808585760221144,-0.38166463990656263,-0.16538386275325076,0.23159672498733896
0.039379108561060056,0.6188143326477522,-0.13193528253897513,-0.42584488036273,-0.5901891954859432,-0.4227477659508934,-0.04328419476212422,0.5763547956969804,-0.976397291963927,-0.19324485829487703,-0.26178493888505794,-0.07301065158717757
0.4981358972885905,0.46848009585476624,-0.22832673172322818,0.12306329925719191,0.2850737817333786,-0.2498219936319528,-0.12111991774037767,0.4354375390581784,-0.8438801857113514,0.4496697090398012,-0.4667474954481534,-0.08385406100252722
0.6418418503212464,0.10325673088847728,0.173618399516909,0.01733392165597536,0.19243353308437156,0.296257707161802,-0.11048520764770378,0.1637651847210633,-0.03527499727199768,-0.5510421238485856,-0.09259099689887604,0.14886960284358094
0.1411177736143936,0.5117308743110501,0.45314473386867626,0.4160468246678509,0.283792903230077,-0.07999719580750152,-0.278581404216948,0.0389517469607103,-0.1984404711267625,0.06944752869816909,-0.023394872626701,-0.18461378408648366
0.17752315684787867,0.35521442081857224,-0.042142132614250594,0.22737616469550542,0.16746832188582478,-0.7949430784162463,-0.034081680754905225,0.5971322170282933,-0.4377058754007931,-0.19394542962797667,0.3105929711621791,0.615040829366961
-0.01866575254467485,0.06580016757227786,0.0005251209124295941,-0.43567071636843935,0.029199644651402835,-0.14977663091145982,0.14657569186105712,0.8144523220453336,-0.9819475579691577,-0.5571302195791361,-0.20106194350047205,0.07675213403196689
0.3022648103111568,0.49824098316076176,0.42058163647513724,-0.18647009166883657,-0.564611650773275,-0.8596875480299667,0.3946151334847375,0.13868032003598396,0.3277862256458799,-0.41466830826598267,-0.10008749535465293,0.1356294941646377
0.26391672619998663,-0.5032523965811204,-0.29822055649001517,0.13651621560339325,-0.026301347100349426,-0.2883671626966581,-0.2350814964886767,-0.09945594862806384,-0.19404381581467312,-0.009407222220640388,0.20908088356077575,-0.06104649768842411
-0.35965617041461184,-0.4051224254165064,-0.30291200763952475,0.25321143286556413,0.5099565547267189,-0.383882544804413,0.09887765070463808,0.23834638260572116,-0.3687217029557974,0.18570033652309476,0.09855330538877236,-0.26061860804562154
0.026876909196770035,-0.03089018239824773,-0.10755597447792747,0.3636146720946505,0.6326648671458953,0.20306861361939668,0.16728605211389297,-0.03702095768278385,-0.3956697297603805,-0.3431326744067325,-0.589434580347263,0.1277219548078084
-0.3528050329607833,-0.1300817340673598,-0.1408541358309774,-0.05804966859684109,0.3808414800145584,-0.19950793905302266,0.09989919493478647,0.3019179866788353,-0.07110805138233789,-0.2731671443347124,-0.174298626391059,-0.2457417397680499
0.3138032611083812,0.5100468593815595,-0.3880558288284707,0.5709969723988915,-0.2789185491915521,0.20121386277331807,0.23705174854949618,-0.3183758238170841,-0.19496641469354298,-0.8328251061768643,0.09345298480461821,0.3220322521193311
0.041614209401925006,-0.17977945154844743,-0.1763440909854442,-0.23414887902836318,-0.219939008622477,0.3597870330150258,0.3251726573214283,0.21058736642902884,-0.07149246622235161,-0.1954974286663793,0.09696976570745286,-0.35960199959670885
0.2865460027232867,0.10995349413539204,0.14143005803834519,0.3571104336284854,0.31988720335563237,0.22517058989581912,-0.38637471234396503,0.8171958911756898,-0.3199653249078127,-0.6814439507046612,0.20514577518265603,0.4625472361073296
0.3809891368505277,-0.31150393298449314,-0.2558424231762296,-0.04552389407879873,0.18405739762285628,-0.3583070181755053,0.33818589461597914,0.1269072119848007,-0.686134131402329,-0.13634721667639516,-0.13053297535019023,-0.13802102386787785
-0.16547821824206432,0.5117661792671879,0.010654446825921884,0.45288875623671243,-0.04849595026338267,0.585139948342987,-0.36635879943657285,0.1806594229045435,-0.5200790019623814,0.07512042752733777,-0.35746805872467075,-0.26788373396209036
0.26569245764669136,-0.2508493520819699,-0.8105073687557879,-0.02211129753309113,-0.04519031402339198,0.40699064417092595,-0.0028672459962050117,0.050719608045419695,-0.9192596174056471,0.41814928601975276,0.06624710212511997,0.1710711726675312
-0.2523792946649214,-0.05273270479008197,0.2334846821511413,0.23011880271331117,0.1219469990203979,-0.4845859345167908,-0.6061198453451002,0.4152172764823251,-0.4049680675771078,-0.27464521733919584,-0.09149639769319856,-0.04454110873277735
0.4783636203880314,-0.40615451157068205,0.49574678762193525,-0.14736252520966717,0.39734430677175014,-0.19652212180833745,-0.06208262322523542,0.3751179860016418,-0.5901552852716122,-0.10107262447641815,-0.1788650545465756,0.39600057355315976
0.27951615299491833,0.035757654899099295,-0.4556096905557435,0.05644717329744253,0.3007611753919293,-0.016126873497684536,-0.21196393506573835,0.5173532829978367,-0.5999442062430947,0.16434193288425178,-0.19801981766977939,0.14571357066739204
0.12433384678239005,0.0840113125656348,0.44430663637398626,0.632542586840352,0.19547882445492676,0.14241328299064923,-0.17771470551976332,-0.016195811037627045,0.06462462154125415,-0.23401264523037216,0.006631770040464634,-0.08978383416530139
-0.29905019092740104,-0.24938546545154108,0.38487458504934285,0.1965904336328539,-0.15735653741922656,0.39976371184818504,-0.5469473759019382,-0.1669180241785376,-0.0464870122777063,-0.44341409167124746,0.10787923317976952,0.6231527122405053
-0.051258583667632945,0.3885081400717537,-0.01919150565786476,-0.14251267901431774,0.4193964598934142,0.33645244552870734,-0.2937003236923544,0.25432766873899104,-0.2195322641491651,-0.1878553720395072,-0.16986444539992943,0.7382981777561579
0.009238724451217095,0.08773064392203339,-0.6015625279746086,0.03170837127326606,-0.544416360308572,0.31326693891451785,-0.1727260875957803,0.4038414886852091,0.09607428679838043,-0.025768455212409308,-0.09782064254055675,-0.09769264905512827
1.2931850931259787,0.1078617789532524,-0.3840524138986299,0.29068138631187035,-0.8388912554348803,-0.14509330764568013,0.1714884919205904,0.09785633847267663,-0.34732412525282375,0.04402567935091645,0.08433915274120304,0.4893970375649034
0.02849182363814934,-0.16791955786488177,-0.4877609931015384,0.6151776033945244,-0.2680784511944726,0.478868903005826,-0.0001564491365786541,-0.10824502296814728,0.3133671743730295,0.07353151758110274,0.12649321996348217,-0.09327438508370241
